# Team 001 large instance.
200
100
3
14
8 79
42 34
74 56
32 92
33 41
52 53
22 81
46 12
89 59
88 82
26 76
48 76
52 10
15 72
74 0
18 95
42 50
70 82
94 75
47 75
96 48
51 14
97 80
57 12
81 36
86 29
99 16
78 24
20 59
78 97
5 20
20 68
10 86
87 5
33 74
90 18
19 30
5 88
38 28
6 63
99 47
9 95
48 9
7 77
53 50
6 80
81 55
10 51
32 36
75 13
23 15
34 17
49 60
66 22
56 52
41 38
2 17
67 93
72 56
34 65
0 13
59 22
54 26
37 61
55 37
60 65
11 33
95 99
65 43
89 57
17 89
0 32
29 6
1 15
24 27
56 9
98 27
13 25
92 47
47 40
62 99
77 60
60 8
66 96
85 6
25 23
58 91
35 43
63 98
53 86
64 31
27 8
51 69
26 71
23 54
14 55
29 70
93 16
12 11
63 88
88 3
45 96
15 14
25 90
30 66
61 35
16 62
84 7
3 41
50 94
68 87
21 48
13 19
98 1
37 85
95 90
61 92
1 98
80 1
82 3
62 4
82 58
59 4
39 45
83 68
35 10
9 21
93 42
41 78
67 37
69 42
50 31
46 40
45 77
65 91
77 63
21 54
87 19
14 93
36 71
24 39
79 7
31 66
72 94
94 21
70 44
36 39
38 45
8 73
12 24
69 62
76 84
71 67
76 70
40 26
58 25
28 58
31 53
73 30
75 2
84 52
57 85
49 73
19 74
83 97
64 83
79 44
85 49
40 34
4 46
22 28
86 81
54 64
16 84
7 23
11 61
2 51
71 32
3 5
97 33
39 69
17 49
80 29
91 57
18 35
44 89
55 11
91 83
28 0
90 46
92 64
4 67
73 2
43 87
30 78
68 79
43 20
27 72
44 18
96 38