# Team 002 large instance.
200
100
3
14
37 54
71 44
59 27
19 78
35 16
50 4
43 32
14 60
55 69
16 99
64 46
20 29
80 17
27 89
24 1
26 75
22 30
46 97
41 99
6 86
18 62
21 4
83 27
53 86
63 95
45 33
84 23
68 4
29 8
34 38
19 2
37 52
44 86
37 53
95 87
72 97
51 44
54 55
94 40
80 23
34 58
28 20
69 31
5 76
74 23
38 40
16 95
62 63
14 30
69 24
48 15
30 4
98 43
92 54
34 49
80 1
96 22
58 28
3 20
72 49
99 75
17 17
3 90
5 97
37 41
94 5
60 11
99 73
86 11
85 89
82 68
96 47
13 85
72 60
34 76
13 12
19 75
12 23
21 69
59 65
4 39
61 18
27 7
32 70
39 99
39 80
34 43
21 6
56 0
88 58
30 41
55 88
55 8
35 83
0 55
80 35
68 77
12 85
9 35
32 91
11 51
4 62
94 56
26 36
14 86
79 48
55 1
86 26
71 65
21 53
78 31
74 95
69 63
48 87
3 39
51 10
0 49
86 92
23 38
59 7
15 25
37 75
62 62
83 92
50 92
88 21
86 71
59 42
82 48
32 7
67 23
2 89
34 6
62 70
51 28
57 23
26 93
17 50
41 30
97 56
41 45
19 98
4 86
7 99
12 0
6 55
47 11
37 79
11 76
44 64
4 16
43 10
32 35
33 10
42 72
48 30
60 53
5 89
36 99
25 22
67 41
89 9
62 3
86 60
8 6
21 61
94 66
32 10
72 56
60 3
9 96
34 39
40 78
11 44
77 11
4 6
28 40
83 65
20 34
86 39
54 43
73 30
63 91
25 6
39 97
59 88
24 64
78 37
51 4
32 79
6 80
77 10
5 12
72 25
54 38
90 0
51 65
41 70
5 34
78 8