# Team 003 large instance.
196
100
3
14
7 7
7 14
7 21
7 28
7 35
7 42
7 49
7 56
7 63
7 70
7 77
7 84
7 91
7 98
14 7
14 14
14 21
14 28
14 35
14 42
14 49
14 56
14 63
14 70
14 77
14 84
14 91
14 98
21 7
21 14
21 21
21 28
21 35
21 42
21 49
21 56
21 63
21 70
21 77
21 84
21 91
21 98
28 7
28 14
28 21
28 28
28 35
28 42
28 49
28 56
28 63
28 70
28 77
28 84
28 91
28 98
35 7
35 14
35 21
35 28
35 35
35 42
35 49
35 56
35 63
35 70
35 77
35 84
35 91
35 98
42 7
42 14
42 21
42 28
42 35
42 42
42 49
42 56
42 63
42 70
42 77
42 84
42 91
42 98
49 7
49 14
49 21
49 28
49 35
49 42
49 49
49 56
49 63
49 70
49 77
49 84
49 91
49 98
56 7
56 14
56 21
56 28
56 35
56 42
56 49
56 56
56 63
56 70
56 77
56 84
56 91
56 98
63 7
63 14
63 21
63 28
63 35
63 42
63 49
63 56
63 63
63 70
63 77
63 84
63 91
63 98
70 7
70 14
70 21
70 28
70 35
70 42
70 49
70 56
70 63
70 70
70 77
70 84
70 91
70 98
77 7
77 14
77 21
77 28
77 35
77 42
77 49
77 56
77 63
77 70
77 77
77 84
77 91
77 98
84 7
84 14
84 21
84 28
84 35
84 42
84 49
84 56
84 63
84 70
84 77
84 84
84 91
84 98
91 7
91 14
91 21
91 28
91 35
91 42
91 49
91 56
91 63
91 70
91 77
91 84
91 91
91 98
98 7
98 14
98 21
98 28
98 35
98 42
98 49
98 56
98 63
98 70
98 77
98 84
98 91
98 98