# Team 004 large instance.
198
100
3
14
81 76
49 87
55 66
79 97
67 77
62 26
17 67
54 31
11 60
28 76
55 93
68 57
34 37
60 10
90 60
11 14
22 44
46 11
94 30
92 97
70 39
81 69
33 29
90 81
75 44
21 9
37 63
65 54
51 0
22 28
88 65
5 76
82 58
48 1
38 0
80 33
11 80
37 99
24 10
6 4
86 67
84 15
79 83
25 27
15 89
6 43
41 83
43 80
78 47
90 21
8 34
1 83
30 34
16 81
90 30
88 97
82 26
39 21
20 8
53 84
73 96
11 57
60 16
67 86
4 82
3 92
59 36
1 76
73 62
52 94
19 36
8 36
82 74
81 29
47 61
3 58
49 34
6 29
83 11
4 20
43 66
32 11
9 80
1 60
7 55
76 17
7 64
36 45
76 90
74 47
32 41
84 33
15 98
87 38
4 31
7 2
24 18
83 34
1 25
30 95
53 8
88 94
2 33
47 65
23 19
35 57
15 54
13 11
0 20
74 88
70 51
48 14
76 30
2 90
86 71
63 30
57 44
75 59
75 77
53 40
28 20
91 88
88 16
55 46
37 96
70 44
0 22
68 74
76 41
46 37
94 56
14 66
81 31
58 75
23 87
74 10
63 44
99 73
63 53
93 32
51 26
20 57
29 5
9 91
21 56
82 84
48 91
3 68
29 87
59 3
29 96
7 38
1 52
10 0
64 99
79 63
90 63
9 11
42 87
83 88
48 66
0 81
57 23
22 1
11 35
83 42
23 64
7 86
64 83
17 63
87 39
54 36
10 11
39 56
71 6
15 1
83 99
92 47
22 58
75 31
14 54
46 80
5 51
78 2
89 2
40 82
12 2
92 65
58 63
33 43
27 57
62 24
90 49
0 3
93 84
99 79
49 60
77 51