# Team 005 large instance.
200
100
3
14
81 82
33 29
86 41
25 34
55 29
36 83
20 32
19 52
21 70
43 40
86 3
57 3
34 14
3 71
42 81
34 81
78 28
47 85
1 4
31 99
63 60
8 52
2 81
17 84
42 78
45 65
74 98
19 13
49 20
24 25
72 31
3 86
89 35
50 40
74 68
36 78
39 24
64 57
26 17
87 62
71 50
82 97
42 37
21 68
29 63
47 93
92 85
65 72
30 78
56 38
54 48
75 74
49 26
12 30
82 66
29 86
23 28
0 64
23 59
50 36
96 54
63 79
52 50
4 88
78 9
20 41
25 26
56 22
53 35
12 26
14 62
86 74
3 66
12 35
49 17
41 93
7 68
41 63
65 90
80 71
46 89
97 80
71 59
0 66
87 21
58 17
9 79
14 6
50 1
69 13
40 19
23 35
71 43
34 82
67 5
1 68
78 94
10 45
62 91
42 72
49 18
96 75
32 80
32 33
39 59
79 55
39 78
32 65
18 8
11 47
19 51
88 68
63 20
66 65
60 13
11 51
89 63
53 5
33 77
46 42
42 55
69 88
77 85
30 24
29 40
61 19
74 55
63 80
21 5
52 49
99 91
95 94
44 92
10 43
34 41
0 75
89 33
98 58
92 3
69 7
10 30
54 7
9 25
88 5
28 37
57 53
66 45
61 27
43 94
37 61
50 89
19 62
85 40
53 88
31 86
20 44
72 76
70 93
88 9
65 48
87 82
50 45
59 25
43 81
58 48
31 47
27 33
29 33
30 41
85 18
44 51
25 98
76 92
91 72
75 37
5 4
81 51
51 90
15 82
16 27
22 63
18 66
63 0
19 33
80 31
47 71
96 53
53 55
61 87
42 0
96 63
70 92
3 84
29 25
51 9
69 78
58 73
69 61
51 11
9 44