# Team 007 large instance.
200
100
3
14
51 8
86 59
58 25
94 38
18 63
40 98
46 49
33 55
98 15
32 15
66 32
63 45
83 19
65 53
58 1
74 91
38 20
32 51
88 29
28 98
36 83
55 5
34 62
62 38
52 97
34 92
11 17
97 65
77 76
53 19
60 32
71 0
97 23
25 34
17 95
37 45
95 31
21 16
93 61
28 86
64 29
23 51
46 25
54 98
44 28
86 46
46 38
27 72
29 66
3 65
75 6
91 49
0 44
35 44
9 80
17 89
99 15
10 88
51 91
78 25
77 59
41 92
42 26
45 18
14 21
48 0
24 8
1 90
87 91
55 8
26 63
45 68
63 94
72 24
55 6
28 63
47 26
79 89
87 12
69 6
17 51
15 45
60 82
59 79
46 57
14 97
25 96
42 58
21 11
29 95
86 77
11 97
58 88
14 73
49 92
50 48
98 36
3 96
32 77
0 80
20 32
1 83
83 6
91 69
53 1
6 12
40 79
40 39
60 93
96 59
26 93
25 14
45 25
14 53
36 20
32 11
97 80
91 94
38 2
12 1
68 95
89 13
34 59
1 9
14 51
49 25
93 96
71 59
31 77
89 55
23 80
25 21
37 47
52 89
81 13
74 74
29 51
80 16
72 44
96 66
2 42
95 4
77 41
68 81
78 45
24 88
80 93
42 87
54 22
15 84
57 93
75 94
23 42
69 42
60 3
26 62
55 84
97 10
43 19
93 92
38 19
93 71
33 6
22 2
33 68
61 76
72 55
27 26
48 52
0 52
98 42
29 11
49 71
19 48
33 23
32 1
28 61
52 72
6 24
67 89
42 47
20 74
81 85
11 59
24 26
4 65
89 98
68 20
50 30
48 15
95 92
6 48
23 76
18 94
25 93
92 92
87 9
38 12
27 54
47 8