# Team 008 large instance.
205
100
3
14
39 24
96 58
0 51
30 64
59 82
70 82
99 72
38 53
78 34
70 39
64 62
88 29
4 57
50 63
62 37
5 12
60 85
24 65
18 58
24 74
51 36
72 4
97 58
33 86
81 16
71 15
4 59
24 92
47 66
0 46
19 59
63 29
48 95
31 97
86 97
3 44
55 45
43 25
53 57
16 72
99 24
64 2
33 97
36 68
91 13
45 80
21 34
49 50
20 44
23 95
86 44
15 57
83 27
81 57
68 72
43 73
13 14
10 79
8 27
53 59
81 75
26 20
17 39
35 96
11 41
12 6
22 16
67 15
39 96
83 11
98 57
84 49
89 97
35 7
58 39
61 35
62 0
76 26
16 21
85 38
19 47
21 11
5 57
45 75
34 75
20 85
3 14
26 98
31 39
5 84
42 15
72 3
44 21
41 89
47 38
98 86
8 40
48 76
97 14
60 4
6 42
86 41
1 0
81 54
33 14
24 75
76 21
46 17
27 46
76 30
42 99
66 29
36 58
86 71
37 66
75 50
12 76
67 76
89 21
69 18
89 85
50 14
47 33
76 69
5 91
14 39
83 93
37 41
46 74
48 16
28 93
49 15
38 88
95 85
60 8
49 42
27 69
30 10
70 28
61 25
45 93
11 6
25 69
83 31
71 11
82 11
65 98
12 62
48 91
61 55
18 84
44 57
71 41
88 57
47 19
2 51
70 85
8 12
31 41
88 75
10 82
5 31
71 68
11 26
76 27
80 43
9 38
49 74
86 68
67 9
12 73
27 55
9 88
44 41
4 78
42 7
36 21
90 56
85 5
79 1
37 84
79 65
66 65
83 81
46 62
20 43
25 73
77 58
42 37
67 2
75 49
92 65
76 50
37 77
79 58
44 6
10 68
11 67
91 32
89 41
84 57
65 86
43 83
67 50
86 63