# Team 009 large instance.
195
100
3
14
96 95
66 39
26 85
35 42
56 10
59 9
10 52
70 73
68 57
74 73
40 59
38 80
24 26
62 10
10 27
18 10
81 96
55 22
37 17
22 83
58 24
66 7
31 58
84 61
96 35
35 92
81 25
79 46
3 8
70 77
14 72
76 1
34 87
20 33
29 45
14 90
52 74
3 35
68 70
26 0
72 52
79 67
52 28
58 44
7 5
26 73
98 25
7 14
50 49
42 45
28 0
86 17
91 13
23 31
35 60
77 41
58 92
94 27
83 91
52 30
69 46
1 76
99 81
98 36
62 16
64 77
62 25
93 58
10 51
82 37
56 82
83 66
40 40
59 93
34 39
96 87
79 16
33 28
28 96
68 22
3 51
48 92
43 41
63 35
58 87
15 6
88 76
35 18
19 31
42 42
16 87
71 32
58 7
77 29
87 31
97 96
89 37
70 88
58 98
30 24
53 1
34 61
84 83
83 63
77 77
24 41
23 76
59 8
70 8
70 17
98 8
73 52
62 6
19 99
46 83
71 82
39 77
6 74
11 40
94 65
77 79
55 21
61 80
47 26
54 96
54 41
71 2
11 15
68 67
48 64
73 63
65 25
92 43
63 71
72 76
59 67
97 29
27 7
8 3
65 55
28 70
46 60
27 89
76 73
74 21
88 20
65 18
49 1
51 83
5 95
8 85
51 92
78 64
75 47
31 77
51 55
99 41
80 70
15 99
56 15
26 44
95 98
79 47
47 76
28 8
33 4
9 4
42 71
34 88
11 56
62 49
31 98
57 7
68 71
91 48
28 44
46 80
23 2
47 60
56 81
5 8
19 71
65 68
12 32
91 32
66 12
77 42
63 59
60 90
13 70
77 51
87 53
46 82
50 98
40 75