# Team 010 large instance.
201
100
3
14
99 0
98 0
96 0
94 0
92 0
90 0
88 0
86 0
84 0
82 0
80 0
78 0
76 0
74 0
72 0
70 0
68 0
66 0
64 0
62 0
60 0
58 0
56 0
54 0
52 0
50 0
48 0
46 0
44 0
42 0
40 0
38 0
36 0
34 0
32 0
30 0
28 0
26 0
24 0
22 0
20 0
18 0
16 0
14 0
12 0
10 0
8 0
6 0
4 0
2 0
0 99
0 97
0 94
0 91
0 88
0 85
0 82
0 79
0 76
0 73
0 70
0 67
0 64
0 61
0 58
0 55
0 52
0 49
0 46
0 43
0 40
0 37
0 34
0 31
0 28
0 25
0 22
0 19
0 16
0 13
0 10
0 7
0 4
0 1
50 50
51 30
51 31
51 32
51 33
51 34
51 35
51 36
51 37
51 38
51 39
51 40
51 41
51 42
51 43
51 44
51 45
51 46
51 47
51 48
52 30
52 31
52 32
52 33
52 34
52 35
52 36
52 37
52 38
52 39
52 40
52 41
52 42
52 43
52 44
52 45
52 46
52 47
52 48
53 30
53 31
53 32
53 33
53 34
53 35
53 36
53 37
53 38
53 39
53 40
53 41
53 42
53 43
53 44
53 45
53 46
53 47
53 48
54 30
54 31
54 32
54 33
54 34
54 35
54 36
54 37
54 38
54 39
54 40
54 41
54 42
54 43
54 44
54 45
54 46
54 47
54 48
55 30
55 31
55 32
55 33
55 34
55 35
55 36
55 37
55 38
55 39
55 40
55 41
55 42
55 43
55 44
55 45
55 46
55 47
55 48
56 30
56 31
56 32
56 33
56 34
56 35
56 36
56 37
56 38
56 39
56 40
56 41
56 42
56 43
56 44
56 45
56 46
56 47
56 48
57 30
99 99