# Team 011 large instance.
200
100
3
14
81 76
58 56
42 39
59 0
4 64
27 59
1 49
63 89
34 83
48 45
36 25
48 63
77 99
49 62
44 84
72 11
27 43
15 23
95 13
70 48
39 81
79 99
64 25
44 56
5 76
92 26
11 71
21 39
39 53
38 0
66 16
58 33
9 74
43 78
13 10
75 37
64 64
18 76
98 41
64 73
99 40
45 69
53 27
31 79
49 39
31 33
65 65
28 80
76 10
14 90
38 2
72 52
85 86
14 44
76 31
20 8
74 43
83 9
51 68
29 47
61 79
92 94
75 23
68 72
26 66
52 39
65 33
53 13
81 84
24 96
51 43
81 29
86 28
77 25
32 57
5 18
66 68
81 50
3 30
89 42
4 38
49 70
26 68
50 44
19 93
11 25
81 22
31 67
1 96
9 55
21 84
51 72
88 3
18 48
8 13
67 35
25 63
52 89
74 31
53 63
76 92
47 1
54 16
9 48
60 4
94 70
67 83
42 26
99 23
19 42
39 75
49 22
60 52
87 15
31 25
15 47
4 81
58 27
12 94
90 59
41 20
46 1
28 84
90 13
93 94
49 6
33 89
39 13
49 15
45 63
3 57
77 6
92 59
92 4
23 69
24 34
92 68
55 12
52 59
84 39
43 1
88 55
59 83
98 65
4 92
2 3
48 64
48 9
49 72
29 69
23 62
32 49
99 48
34 77
8 58
82 41
61 18
87 37
53 35
33 66
71 50
61 82
25 71
22 47
93 43
29 7
65 91
56 58
29 71
12 0
32 88
33 32
29 25
67 9
23 73
84 89
7 95
18 95
13 56
1 54
16 61
34 42
30 87
80 36
28 99
30 96
38 12
13 77
7 6
57 89
12 2
35 86
7 70
87 69
26 28
25 30
4 71
50 68
14 29
80 29