# Team 012 large instance.
200
100
3
14
81 76
42 39
44 36
24 33
72 18
18 81
87 80
59 9
28 3
56 28
74 9
17 76
90 60
82 56
85 73
75 72
58 86
5 28
22 44
45 37
63 52
43 76
82 1
13 17
33 29
79 26
71 22
26 96
77 83
29 43
93 24
76 72
51 18
5 85
94 96
23 63
50 47
1 26
59 68
99 49
48 95
92 19
56 32
50 13
92 28
24 58
61 22
31 51
18 51
24 3
16 8
35 85
8 98
47 59
65 40
27 1
63 31
46 45
10 58
60 7
5 71
28 18
68 54
66 66
50 79
26 57
6 63
41 94
25 77
64 59
7 16
31 1
99 35
92 79
2 93
71 37
38 34
84 86
45 82
63 42
11 4
44 1
26 50
95 49
44 65
1 5
25 6
78 51
72 65
28 96
7 73
74 93
35 89
79 25
62 18
24 89
22 64
31 21
4 68
94 68
11 61
43 68
80 32
86 48
24 9
70 95
30 95
19 95
83 61
86 87
80 80
61 85
53 47
65 12
70 42
61 39
31 53
40 65
80 0
76 48
78 12
49 95
92 20
73 34
41 11
86 98
16 55
81 1
81 65
17 93
28 93
86 0
30 99
56 63
86 73
67 69
52 4
1 59
44 73
22 36
19 19
72 55
33 82
45 56
9 91
74 37
97 57
63 16
26 79
77 63
4 67
80 68
26 42
95 41
80 22
10 55
53 35
69 86
18 47
8 3
8 76
19 21
99 75
17 88
76 27
38 19
31 68
40 25
53 19
47 12
58 79
36 76
44 4
61 84
25 64
29 46
8 23
51 76
49 58
12 39
54 54
32 17
0 83
95 55
14 45
22 58
95 9
98 26
86 15
97 79
67 20
47 14
85 62
83 19
14 29
67 41
83 92
5 99
94 46
26 76