# Team 013 large instance.
200
100
3
14
5 2
5 3
3 5
4 4
4 2
3 4
4 5
0 2
14 29
15 27
16 27
15 28
19 25
18 29
51 59
76 74
96 34
49 84
49 45
33 25
18 16
73 41
29 33
77 88
21 35
39 84
31 49
77 60
64 35
78 51
74 66
86 99
78 67
21 75
38 19
33 39
75 88
86 20
16 48
8 50
32 9
33 97
12 37
95 47
34 28
68 32
32 83
52 21
37 19
63 65
81 74
19 86
63 97
54 97
89 62
63 34
50 90
43 50
10 58
26 33
80 11
36 57
12 89
77 75
75 18
14 89
98 26
34 44
33 22
35 22
78 74
88 74
96 52
14 33
86 12
90 64
75 89
41 15
48 90
67 33
33 98
79 52
49 95
89 50
74 83
96 92
37 60
98 68
60 64
88 52
61 14
87 99
19 57
63 69
28 94
46 87
44 10
45 32
17 35
91 46
68 52
96 83
36 15
51 88
97 51
84 59
21 56
83 47
62 35
50 63
63 79
71 90
78 98
15 61
43 36
79 33
34 69
65 71
43 73
77 45
62 33
61 12
22 55
7 70
63 70
12 92
43 72
58 17
76 83
81 86
14 30
71 38
7 57
48 25
63 82
73 39
96 59
28 82
64 87
83 29
46 84
43 90
64 73
47 41
44 56
46 49
67 11
48 18
25 96
29 38
36 97
18 83
18 18
72 80
40 74
51 19
85 59
61 24
43 34
53 59
60 36
51 94
68 12
52 99
28 47
11 43
40 88
78 42
86 29
13 90
56 24
95 95
31 53
35 43
35 23
71 11
21 55
96 47
67 46
22 48
62 42
40 73
71 27
61 27
66 83
58 83
37 50
85 47
61 80
81 70
60 31
7 86
19 92
82 50
53 70
83 64
43 38
29 36
43 94
17 20