# Team 014 large instance.
199
100
3
14
94 62
84 61
40 31
5 10
21 42
92 5
55 60
22 23
36 69
6 49
24 91
31 76
65 22
18 94
37 66
4 32
82 72
7 89
85 41
50 28
86 75
92 83
19 27
43 92
53 13
74 79
86 55
50 46
29 59
25 50
62 21
65 85
9 53
49 39
97 62
5 28
87 87
11 34
51 79
79 1
76 95
66 57
29 27
47 94
96 26
4 59
88 88
24 15
81 39
63 6
28 99
70 0
52 90
15 67
56 18
43 74
84 9
35 67
30 95
99 59
91 14
47 56
63 2
41 65
80 34
62 28
17 55
5 56
80 6
9 77
20 81
49 62
65 20
87 5
63 1
7 76
51 47
49 95
41 21
71 59
16 50
19 30
83 56
82 17
28 76
94 4
12 72
14 69
46 53
21 51
44 91
8 6
74 30
14 59
51 22
17 95
24 49
17 78
71 96
10 72
24 83
8 49
62 68
97 31
12 66
12 25
80 25
96 35
74 11
0 77
44 53
88 90
66 78
39 9
6 56
43 82
20 18
21 52
58 69
15 82
99 5
77 1
52 24
57 96
21 55
67 11
16 35
23 74
30 78
61 18
2 3
82 74
40 93
63 27
28 25
28 7
90 63
49 78
50 36
49 20
37 34
43 11
7 94
13 42
20 99
97 27
88 1
40 96
83 6
64 41
62 45
13 96
16 30
93 14
70 17
18 32
24 42
39 13
82 79
24 2
86 64
84 76
61 56
90 49
95 66
16 20
66 96
22 7
29 65
3 92
71 1
12 51
76 65
46 9
13 88
97 58
10 89
93 49
13 55
0 64
28 32
38 33
93 95
72 14
68 73
32 12
63 98
13 12
79 25
14 77
95 45
0 51
53 39
67 69
61 12
39 16
71 76
62 91
37 4