# Team 015 large instance.
200
100
3
14
0 0
99 0
0 99
99 99
80 24
64 73
50 37
92 46
49 42
20 47
91 30
64 91
81 95
3 66
48 25
67 88
24 44
13 51
95 23
2 71
94 2
26 89
57 41
22 6
7 97
79 61
77 92
85 60
4 71
74 68
47 73
51 26
48 62
51 50
58 72
99 70
67 19
57 27
16 58
34 30
6 24
92 66
41 85
12 19
0 94
58 50
81 49
63 51
43 19
41 10
75 26
32 77
69 70
60 62
21 46
60 96
51 91
47 54
64 5
46 13
70 62
23 40
0 68
90 86
48 1
30 91
84 56
3 94
82 25
94 22
55 24
18 73
30 32
4 21
54 39
55 94
52 6
96 91
63 79
57 16
81 36
32 6
12 72
26 22
37 36
41 57
29 18
39 50
86 64
57 89
34 49
35 92
16 96
83 11
13 4
56 67
45 9
83 91
28 87
30 25
81 12
94 49
29 87
95 27
47 89
3 73
86 97
28 99
61 79
53 86
92 59
74 88
42 7
57 6
37 23
60 77
14 62
93 47
72 12
2 0
71 23
99 4
32 11
19 63
36 34
7 3
59 96
19 39
99 37
6 35
0 27
56 43
87 67
61 11
58 4
2 72
61 1
26 84
13 64
77 95
70 53
90 18
96 1
87 66
62 51
99 25
28 49
27 95
45 24
64 20
80 25
51 75
2 73
78 34
23 91
14 46
7 20
13 99
6 15
15 91
53 72
48 85
77 49
62 66
34 10
0 91
15 52
43 12
96 12
95 70
13 7
30 84
99 78
19 60
59 76
34 57
5 96
39 11
64 35
84 15
55 15
83 87
25 43
94 19
35 20
37 81
22 11
88 5
20 6
16 93
93 32
94 84
1 95
68 98
97 88
86 96
31 87
1 40
55 37
92 16