# Team 016 large instance.
196
100
3
14
18 72
49 87
18 81
19 46
98 46
89 13
33 45
50 6
64 23
17 67
56 28
38 44
28 76
99 72
75 17
13 8
11 23
29 59
99 93
1 97
79 53
77 19
46 4
2 68
38 64
6 59
67 45
69 42
29 61
5 39
98 87
95 15
79 83
65 38
91 66
91 20
9 67
80 81
92 92
1 10
88 42
5 71
74 6
97 90
66 66
68 63
67 31
70 27
69 92
83 91
21 52
13 14
66 84
47 98
96 94
55 56
34 64
10 51
20 28
57 47
92 14
23 24
40 40
57 56
52 60
68 1
86 28
46 47
43 19
14 30
21 36
4 20
80 39
44 74
33 19
88 83
28 96
62 73
64 79
73 27
12 8
40 79
86 76
97 12
0 43
41 53
67 17
59 77
59 22
95 51
69 32
70 31
99 67
10 10
88 76
71 5
63 1
88 30
37 0
36 65
57 33
11 45
26 27
91 65
56 68
40 90
84 53
35 11
33 78
27 37
11 20
95 10
76 39
80 0
6 81
14 9
78 12
77 22
79 50
10 69
61 87
17 93
10 87
88 89
14 57
32 38
61 53
96 50
72 28
21 26
99 55
89 87
76 62
96 77
55 39
19 74
0 15
14 50
76 98
11 42
78 62
18 84
4 12
21 92
44 57
42 5
87 37
42 69
82 50
0 8
45 40
85 76
53 53
64 53
58 43
84 7
49 19
67 0
15 81
21 67
57 32
4 60
81 26
51 55
79 93
35 93
19 5
27 73
96 8
0 56
25 0
65 11
94 35
48 13
28 99
68 80
77 49
21 60
97 61
32 90
26 19
15 83
55 64
55 9
70 62
67 75
0 49
35 58
90 58
44 70
76 13
60 81
2 73
58 93
15 3
85 89