# Team 017 large instance.
200
100
3
14
26 12
93 5
41 84
50 11
57 72
97 24
97 99
66 23
35 23
58 99
78 45
28 15
45 67
24 89
90 3
27 1
14 4
95 9
69 12
84 75
97 96
66 22
18 42
5 57
50 64
67 12
50 51
76 96
81 66
25 57
0 67
60 98
29 91
42 36
50 33
37 56
5 48
92 32
6 75
30 16
98 78
93 25
38 48
54 29
76 63
18 98
51 53
21 44
77 82
50 44
15 86
73 62
32 27
78 48
33 74
88 8
81 46
2 65
25 8
94 12
2 54
7 43
64 30
22 35
28 10
1 35
15 85
8 88
92 25
87 47
31 44
66 1
36 66
31 22
43 90
65 10
91 16
77 95
99 1
19 71
71 68
63 32
97 78
60 63
73 38
49 53
15 98
83 76
40 42
80 67
49 77
89 69
99 3
51 21
92 93
53 69
53 32
50 82
43 69
84 98
83 56
6 47
80 14
35 9
71 54
57 16
50 31
59 73
67 70
67 34
88 45
90 98
73 53
80 57
23 51
76 48
79 29
31 67
55 44
51 8
35 28
94 77
75 33
29 79
90 92
62 80
59 31
99 84
44 78
31 75
87 26
92 83
24 50
6 86
94 84
57 37
96 16
97 17
88 54
97 33
6 19
82 10
9 51
78 10
44 79
91 71
63 63
34 76
19 27
94 90
65 81
10 58
6 85
45 77
45 3
98 27
70 13
22 60
42 9
87 15
23 87
24 42
15 88
89 20
25 53
80 51
27 27
93 38
41 11
7 13
1 85
10 2
7 78
98 18
43 63
22 80
94 3
97 8
20 12
25 5
97 80
56 66
19 53
16 65
70 73
79 28
57 6
95 0
61 48
95 93
52 10
87 75
60 31
66 3
51 41
29 60
76 95
2 97
66 27
51 83