# Team 018 large instance.
198
100
3
14
61 0
77 9
41 47
79 42
49 90
98 39
53 59
2 77
28 17
2 62
57 45
56 45
82 63
34 40
49 60
51 92
53 22
85 36
80 40
2 19
19 78
59 12
46 24
95 74
96 34
7 94
38 19
16 19
85 88
65 55
66 24
19 54
26 63
8 10
51 94
24 85
16 92
36 89
33 53
25 86
51 20
34 7
62 47
13 77
62 27
25 99
63 1
27 38
89 44
65 14
39 71
1 16
64 57
32 64
42 58
19 40
54 27
37 57
1 34
38 20
2 64
69 96
87 32
79 59
32 8
83 0
70 93
59 20
49 0
33 78
7 45
38 88
47 90
94 62
25 35
39 61
58 14
61 9
11 22
58 29
76 44
48 47
18 68
5 65
2 26
75 21
13 41
27 3
48 96
52 9
93 4
82 71
56 9
46 26
73 37
88 26
56 1
66 39
21 61
28 99
23 54
39 6
54 82
46 2
19 93
78 10
4 8
89 28
81 99
55 25
59 49
55 18
87 57
84 74
95 53
24 92
0 27
43 15
41 39
62 89
2 0
34 91
62 50
23 27
85 66
82 6
73 24
50 96
38 81
12 50
83 81
1 93
2 1
92 4
13 80
1 9
6 89
30 81
17 81
10 91
29 83
48 21
30 16
43 74
84 80
44 92
93 22
94 69
43 30
50 44
47 95
8 96
88 88
44 26
98 4
40 48
1 54
12 12
56 25
36 25
18 9
24 50
66 12
43 39
26 22
47 4
58 87
17 40
67 35
9 34
88 41
72 82
29 1
42 45
12 92
59 39
1 88
72 99
5 51
68 57
39 79
97 23
62 82
24 14
56 41
13 69
64 80
39 67
53 62
32 88
69 6
89 22
15 80
36 76
16 67
23 98
37 40
61 80