# Team 019 large instance.
198
100
3
14
99 96
25 88
75 6
57 20
98 33
87 0
47 63
95 18
28 58
86 39
37 89
85 70
32 68
40 63
58 26
29 5
41 76
12 99
89 98
20 51
35 11
35 15
73 7
66 54
40 51
55 92
53 57
28 65
47 44
76 75
29 42
96 15
3 98
85 79
15 22
52 68
36 25
39 76
44 39
95 41
64 82
87 66
68 82
82 97
48 34
34 58
33 51
98 63
2 14
52 40
16 7
35 34
31 81
26 38
2 25
58 10
53 52
34 94
87 63
13 59
15 34
34 66
97 13
97 12
57 61
50 27
39 26
22 22
77 35
78 94
14 49
26 14
16 70
46 78
16 31
6 68
78 98
59 89
67 33
49 55
45 53
16 56
64 89
61 93
95 58
7 37
36 6
19 33
51 54
59 28
81 88
39 64
23 55
21 56
59 12
61 58
19 32
67 55
69 90
8 55
41 90
69 15
38 3
97 55
35 30
41 91
21 78
51 69
90 36
68 26
58 29
4 76
84 52
91 66
62 20
26 84
2 2
19 89
41 0
76 24
42 94
29 45
85 9
66 18
72 74
9 17
30 96
27 73
91 98
80 40
62 29
87 77
39 53
31 76
0 92
25 97
48 55
36 78
23 34
85 62
92 64
99 32
58 73
45 31
89 28
36 99
17 31
17 71
86 37
8 95
52 91
69 31
78 63
3 77
73 9
92 22
12 22
12 73
6 62
29 23
93 47
86 91
71 34
52 1
73 17
42 55
9 39
38 1
12 25
2 31
97 27
58 0
80 90
6 87
12 14
36 83
48 35
95 96
95 80
92 79
48 67
76 53
54 79
42 15
3 26
18 46
3 14
43 79
93 32
20 60
16 8
36 74
23 35
11 80
66 9
98 40
31 78
99 4