# Team 020 large instance.
201
100
3
14
1 1
2 2
3 3
4 4
5 5
6 6
7 7
8 8
9 9
10 10
11 11
12 12
13 13
14 14
15 15
16 16
17 17
18 18
12 99
34 53
23 98
12 78
92 17
21 82
12 34
86 87
60 4
85 21
85 11
24 36
86 22
10 63
13 40
85 76
9 87
30 83
3 89
84 83
23 56
74 10
85 44
47 40
7 77
28 35
60 57
13 90
61 23
81 91
92 6
17 11
6 45
20 72
4 18
77 63
75 68
5 60
45 44
17 90
76 11
16 46
1 31
29 98
35 55
77 90
19 52
14 7
29 38
56 43
21 43
2 10
19 71
48 13
20 2
91 44
30 10
46 34
29 99
44 4
82 64
42 76
53 16
92 77
22 83
95 90
46 73
20 24
90 88
93 6
80 86
55 87
95 76
98 53
40 61
78 37
6 72
64 98
2 17
99 5
78 58
48 33
67 48
58 62
71 50
72 78
35 34
26 21
77 65
16 33
34 59
61 60
56 59
86 14
40 2
92 21
41 28
34 45
91 69
22 62
82 97
66 0
44 32
35 21
63 50
99 69
86 86
60 5
54 13
77 78
96 78
65 11
34 98
74 95
19 91
89 67
72 29
99 63
44 62
70 37
87 72
77 89
40 63
20 60
16 21
2 16
69 56
63 17
24 71
79 52
29 39
71 90
3 83
34 13
33 85
11 12
9 98
9 54
71 84
78 75
92 16
4 22
20 68
68 57
53 36
26 0
80 56
66 27
29 71
77 34
12 88
51 78
52 84
1 15
73 34
75 70
16 54
37 99
21 40
78 85
2 51
40 23
22 26
42 2
51 98
27 73
38 39
42 63
58 57
95 66
90 7
58 30
96 86
83 83
73 92
51 32
41 40
93 55
70 10
93 43
59 40
4 23
31 81