# Team 021 large instance.
198
100
3
14
72 63
38 90
17 53
5 4
66 20
8 41
6 29
15 95
55 51
22 8
40 76
65 84
39 14
64 76
4 6
39 99
98 97
1 47
18 60
57 35
68 63
98 39
60 84
87 86
76 88
66 42
67 28
66 14
4 85
10 84
89 72
66 73
19 97
2 46
47 29
91 24
20 45
88 85
10 93
98 40
9 43
63 59
86 20
44 7
68 7
43 67
6 23
60 68
4 98
26 78
33 80
38 45
20 46
63 58
73 67
81 21
22 74
9 57
58 19
96 76
23 56
40 46
34 41
81 73
39 64
81 18
1 53
90 82
14 42
8 65
28 95
93 80
98 78
69 44
50 29
42 73
56 20
83 0
14 6
32 46
46 9
39 7
49 75
80 92
75 17
92 23
14 91
84 59
24 91
94 58
45 38
24 1
8 30
29 58
32 4
2 64
79 21
50 49
14 5
34 36
56 21
61 2
74 62
0 85
0 34
98 43
38 40
81 4
29 43
72 5
2 8
36 95
7 5
52 35
32 66
26 7
33 54
32 98
83 66
61 78
37 13
46 25
95 42
54 55
72 14
62 69
10 25
66 6
95 0
34 51
95 64
49 39
5 67
79 11
19 25
90 47
5 63
18 20
96 8
78 40
95 1
83 58
3 13
36 99
72 77
77 84
72 32
73 6
4 90
88 75
53 68
26 77
62 28
58 6
92 47
32 37
52 54
4 18
78 31
11 46
79 28
85 6
56 55
69 3
14 34
34 87
25 9
7 26
47 20
23 63
82 22
69 9
4 62
1 12
78 66
82 56
88 9
26 89
8 33
37 37
30 76
86 12
91 40
93 31
37 0
58 59
72 27
61 8
38 92
51 55
5 72
93 12
23 71
41 22
70 52
63 84
5 81
4 71