# Team 022 large instance.
200
100
3
14
0 85
0 94
1 27
1 7
10 99
10 24
98 68
88 85
97 97
13 49
13 56
13 72
14 92
14 93
15 32
15 7
16 74
17 3
17 62
18 19
19 39
19 57
19 81
2 31
2 66
20 22
21 30
21 49
23 41
23 47
24 29
25 39
25 7
25 72
26 28
26 31
26 52
27 14
27 3
27 63
28 52
28 58
28 86
29 94
3 1
3 21
3 57
30 48
30 73
30 8
31 10
31 45
31 98
32 12
32 3
32 89
32 91
33 2
33 45
34 64
35 20
35 26
35 40
35 60
35 92
36 26
36 69
37 16
37 51
37 83
38 20
38 59
39 17
39 30
4 57
40 2
40 65
40 82
40 9
41 35
41 56
42 78
44 47
46 63
47 19
48 85
49 41
5 24
5 88
52 32
52 46
53 13
54 44
55 19
55 5
55 73
56 2
56 22
57 98
58 34
58 72
59 20
6 36
6 67
6 78
60 79
60 85
61 5
61 57
61 85
61 95
62 43
63 26
63 31
63 46
63 75
64 84
64 85
65 46
66 24
66 60
66 64
66 77
67 35
67 65
68 13
68 75
69 40
7 61
7 79
70 26
70 42
70 7
71 1
71 59
71 65
71 73
72 23
72 65
73 41
73 66
74 21
75 85
75 87
76 3
77 35
77 56
78 14
78 42
78 44
8 17
8 92
81 28
81 63
81 94
82 42
83 17
83 47
84 13
84 55
84 90
84 93
85 12
85 25
85 66
87 56
88 35
89 61
89 66
9 16
9 27
90 23
90 57
90 82
90 98
91 14
91 40
92 73
92 81
92 92
93 47
94 53
94 98
95 50
95 82
96 15
96 39
96 60
96 7
97 10
97 28
97 32
97 39
97 41
98 13
98 14
99 2
99 20
99 77
99 89