# Team 023 large instance.
196
100
3
14
63 11
33 7
13 87
67 96
5 55
0 3
53 29
31 81
4 36
28 91
38 11
88 75
27 21
13 62
65 11
78 95
55 83
57 96
49 37
6 98
57 84
38 18
20 28
30 69
21 37
69 3
51 42
44 61
85 88
23 81
61 83
94 97
26 40
8 54
23 10
59 4
24 46
85 41
28 49
39 95
53 70
95 97
62 76
71 98
50 20
61 91
72 94
32 38
63 71
55 71
30 93
26 65
85 82
50 48
16 76
79 67
78 14
70 47
15 7
21 46
83 43
85 91
73 34
25 54
62 48
25 66
73 77
27 2
65 65
51 69
39 97
4 46
51 21
70 92
71 61
38 48
35 18
98 35
29 51
6 31
35 21
87 42
57 15
66 87
36 87
5 52
65 68
26 52
71 13
84 24
74 91
63 64
80 96
96 36
69 90
5 49
33 74
44 75
38 59
48 7
32 47
49 1
4 84
73 38
18 10
60 8
41 43
22 84
60 68
35 96
73 16
53 44
66 17
95 91
74 63
80 44
75 21
77 77
48 15
27 66
34 79
75 80
39 50
72 12
79 90
31 39
60 34
6 16
22 9
1 47
55 14
19 59
0 11
49 53
2 64
79 83
61 93
84 84
83 80
9 75
26 82
18 45
71 28
24 12
29 70
16 54
33 22
18 37
9 91
54 63
88 13
49 46
82 40
24 51
93 62
11 63
87 61
51 93
90 61
55 59
44 52
36 43
34 43
85 9
12 53
64 43
86 93
4 21
95 96
76 97
69 42
29 72
0 91
94 74
23 19
36 57
26 28
19 36
45 38
95 71
79 60
98 40
10 31
91 54
51 24
9 40
62 55
4 28
40 43
76 54
9 23
54 52
36 68
41 79
5 30
27 91