# Team 024 large instance.
195
100
3
14
21 80
35 54
62 85
54 92
27 66
64 43
64 35
87 29
28 59
53 61
57 49
32 20
76 66
59 84
43 92
61 76
27 96
16 27
12 63
34 87
94 72
66 70
57 24
55 45
92 54
35 32
95 64
55 27
43 50
52 47
24 50
61 89
28 84
49 26
92 70
17 59
23 41
46 42
30 47
55 92
78 82
27 12
60 65
38 64
33 70
28 42
41 47
58 14
89 9
61 40
26 43
37 76
92 25
45 59
22 81
74 61
93 40
1 80
65 80
19 55
16 22
14 76
68 28
76 84
82 19
73 4
98 50
37 12
50 36
91 75
80 62
81 39
66 74
50 54
19 97
78 30
7 1
52 53
12 53
58 36
28 12
24 91
74 7
73 33
10 31
14 12
46 27
78 24
31 67
36 4
65 26
69 61
29 95
7 80
99 84
68 91
19 3
83 28
89 85
57 46
0 79
20 44
14 29
76 16
62 83
33 40
17 7
98 77
34 21
9 83
81 70
44 7
90 79
32 2
82 34
59 91
74 79
95 15
53 9
6 45
72 9
81 0
5 5
3 1
70 33
55 25
11 52
36 52
98 66
49 50
1 53
5 53
7 15
48 96
89 59
49 38
93 31
58 18
93 80
34 99
85 19
57 57
59 93
96 90
98 40
71 22
90 98
83 40
98 86
39 92
78 85
22 42
63 5
37 74
10 53
28 22
16 80
96 73
20 53
20 10
98 0
74 43
46 39
77 2
98 81
57 66
43 22
71 89
24 29
38 49
63 17
20 87
96 28
96 37
40 87
96 42
14 20
0 86
78 97
59 68
51 49
14 54
79 77
89 14
42 14
91 8
66 66
31 71
97 64
5 24
87 62
8 61
12 43
88 88
3 3