# Team 025 large instance.
200
100
3
14
3 47
88 96
69 60
76 42
58 79
87 13
45 56
48 50
82 23
89 97
72 47
39 81
17 46
45 69
19 74
64 66
67 23
18 78
92 8
85 25
55 36
92 72
44 34
32 31
80 44
44 4
81 52
9 31
16 85
99 93
36 1
27 58
10 43
30 75
54 46
36 98
32 27
72 28
26 31
11 63
62 24
48 63
34 22
52 89
20 47
47 34
26 65
88 44
84 8
67 39
19 6
33 40
24 67
55 8
17 12
26 40
24 27
25 92
27 47
20 31
75 71
32 76
63 5
86 28
61 51
88 69
63 26
81 85
80 1
76 12
32 65
38 14
63 43
99 15
56 7
15 33
98 51
37 83
20 56
12 57
46 76
77 21
23 62
59 22
85 7
93 2
67 80
91 8
55 99
95 77
7 31
69 5
76 55
10 87
12 71
57 30
69 81
93 38
57 66
67 64
39 89
75 36
11 15
96 0
96 84
24 40
94 46
70 18
2 85
65 64
76 82
3 89
64 87
33 50
65 22
61 67
30 91
59 79
23 67
5 46
62 70
15 94
48 56
47 63
87 64
32 77
95 11
90 11
93 45
71 90
16 88
22 72
69 85
82 54
15 17
27 8
29 50
33 62
32 97
86 52
9 32
74 19
81 36
44 56
58 69
69 55
15 83
90 45
40 13
56 27
51 72
44 48
1 46
2 94
8 31
69 21
8 51
47 47
2 93
23 4
49 4
15 52
35 41
40 26
86 12
65 21
95 63
70 70
24 63
0 68
32 13
61 22
55 66
23 45
44 36
68 13
90 67
90 3
70 8
19 77
54 42
93 11
69 96
21 59
6 47
51 15
29 68
22 81
12 24
6 77
49 54
39 53
90 20
19 79
62 20
5 8
36 33
33 5
7 1
28 68