# Team 026 large instance.
202
100
3
14
55 40
8 84
38 9
10 73
34 56
88 29
74 93
55 67
58 56
78 8
10 20
2 19
32 98
53 21
9 11
49 74
60 73
47 90
17 92
66 83
64 40
67 48
5 18
21 38
96 23
43 89
72 16
86 12
54 91
38 80
6 8
5 78
74 82
0 16
80 84
94 73
65 33
70 26
85 50
31 79
91 88
7 45
91 13
86 15
80 60
54 30
77 70
78 16
15 96
94 12
32 72
29 24
51 52
79 92
63 50
24 18
7 73
39 30
82 19
90 9
3 48
49 38
39 25
96 65
80 97
74 12
69 12
73 26
4 43
39 49
56 87
9 80
83 43
97 58
41 45
29 21
36 93
97 84
46 52
12 24
26 75
73 54
39 89
26 68
89 89
64 96
61 75
52 75
58 65
60 11
39 9
86 30
65 64
22 60
73 55
15 30
73 36
25 12
83 38
30 67
73 39
16 24
50 22
71 74
66 11
10 39
52 25
33 40
26 78
93 19
66 10
27 74
93 91
36 71
16 63
17 83
88 61
44 20
18 65
98 59
16 31
63 49
50 19
98 84
85 44
4 84
85 88
78 18
59 80
5 86
60 32
22 40
69 8
61 26
2 31
59 77
45 80
96 90
68 68
25 29
40 25
61 45
50 20
11 25
75 38
79 30
83 58
94 28
49 43
14 75
40 87
90 72
63 71
35 72
74 48
11 76
5 58
24 62
85 58
29 61
64 50
80 47
58 69
68 26
97 23
10 94
9 41
41 14
20 32
96 51
63 78
32 90
9 97
85 42
50 75
95 59
88 92
42 37
25 62
98 81
95 53
66 75
61 49
86 26
83 39
35 82
74 96
6 55
30 29
82 74
69 23
26 93
62 78
73 69
57 74
65 10
28 51
96 35
77 9
83 92
42 95
2 60