# Team 027 large instance.
200
100
3
14
96 66
17 34
31 26
7 54
91 97
4 7
46 46
22 31
86 3
10 14
8 3
5 93
2 47
32 16
20 94
23 66
88 0
49 75
5 31
19 4
0 44
78 80
95 95
14 36
43 62
3 39
57 70
98 77
94 5
33 96
51 79
90 19
60 28
11 84
87 40
13 3
57 16
66 74
99 50
62 65
41 18
43 33
33 77
53 83
2 89
71 17
85 7
32 4
16 20
21 12
58 81
29 65
90 4
31 29
91 56
9 32
10 75
29 79
79 90
46 32
87 54
35 67
96 0
49 52
20 14
65 92
11 30
13 12
2 23
96 29
13 27
3 66
85 59
58 39
68 82
48 27
87 97
26 93
55 54
65 2
74 75
6 53
67 74
23 12
84 61
46 2
66 15
78 46
37 88
47 39
2 87
52 12
13 39
25 99
86 2
57 7
52 81
62 59
26 75
78 9
0 36
3 47
39 92
9 28
96 62
24 14
73 47
50 91
59 17
96 44
50 15
32 15
15 10
78 42
82 50
27 88
79 84
60 99
5 92
90 63
37 45
58 18
47 34
61 67
61 92
93 53
62 87
37 50
29 20
62 76
33 70
54 89
86 89
10 74
93 73
12 9
45 22
69 18
53 8
11 87
82 4
16 37
49 29
90 85
87 42
56 22
67 36
14 19
69 96
54 12
42 66
31 91
65 32
21 20
59 90
30 51
45 97
73 93
18 59
56 92
3 76
49 94
23 50
65 6
61 35
51 32
90 93
52 90
82 60
46 70
42 91
95 84
10 97
92 28
68 79
24 51
85 48
81 1
40 59
67 91
59 83
22 12
2 51
27 93
72 77
49 27
12 49
71 98
25 35
95 75
74 24
62 78
17 1
78 86
55 61
32 65
72 22
59 91
26 97
9 44