# Team 028 large instance.
195
100
3
14
66 84
55 48
1 49
85 66
4 71
0 23
65 8
59 81
41 66
96 34
24 96
24 40
74 55
10 82
31 85
94 7
54 47
76 87
24 80
10 80
75 48
21 90
21 64
47 23
76 55
61 5
16 64
51 37
96 29
68 13
16 92
7 27
69 50
41 56
94 32
30 69
84 3
64 83
30 85
83 39
62 56
13 80
33 71
55 57
37 26
34 85
39 77
83 12
43 24
32 86
69 6
8 97
79 55
28 12
97 49
19 87
72 76
33 34
21 54
77 63
78 41
38 42
94 57
15 13
40 25
80 56
72 53
10 90
17 38
29 9
96 2
84 63
91 78
17 67
17 3
46 62
49 7
48 14
99 86
85 79
48 18
82 36
52 80
10 11
95 57
72 43
3 34
16 13
73 84
97 30
6 41
0 46
84 18
52 26
19 93
78 35
87 64
32 49
39 62
81 89
27 23
80 31
63 16
57 6
99 83
85 7
93 44
40 6
37 95
96 61
70 34
97 36
14 35
89 58
33 19
34 47
89 91
6 21
3 28
43 74
23 64
25 38
80 17
95 43
55 66
34 70
51 80
73 58
17 73
12 77
31 53
62 88
12 4
86 15
13 14
48 97
3 32
11 23
87 22
59 39
69 25
60 6
59 68
27 9
36 6
20 98
29 48
40 98
23 39
50 47
64 56
10 51
77 48
52 6
18 13
21 4
97 42
92 30
83 65
67 76
11 87
3 43
86 69
86 1
34 49
72 56
36 35
30 35
97 26
69 69
58 51
62 85
41 52
90 13
44 81
19 90
83 10
53 24
52 29
39 60
13 81
71 37
19 36
52 84
23 70
47 18
23 16
48 95
42 95
50 67
81 8
68 17
31 59
82 91
77 35