# Team 029 large instance.
196
100
3
14
0 0
0 1
0 2
0 3
0 4
0 5
0 6
1 0
1 1
1 2
1 3
1 4
1 5
1 6
2 0
2 1
2 2
2 3
2 4
2 5
2 6
3 0
3 1
3 2
3 3
3 4
3 5
3 6
4 0
4 1
4 2
4 3
4 4
4 5
4 6
5 0
5 1
5 2
5 3
5 4
5 5
5 6
6 0
6 1
6 2
6 3
6 4
6 5
6 6
71 93
71 94
71 95
71 96
71 97
71 98
71 99
72 93
72 94
72 95
72 96
72 97
72 98
72 99
73 93
73 94
73 95
73 96
73 97
73 98
73 99
74 93
74 94
74 95
74 96
74 97
74 98
74 99
75 93
75 94
75 95
75 96
75 97
75 98
75 99
76 93
76 94
76 95
76 96
76 97
76 98
76 99
77 93
77 94
77 95
77 96
77 97
77 98
77 99
55 50
55 51
55 52
55 53
55 54
55 55
55 56
56 50
56 51
56 52
56 53
56 54
56 55
56 56
57 50
57 51
57 52
57 53
57 54
57 55
57 56
58 50
58 51
58 52
58 53
58 54
58 55
58 56
59 50
59 51
59 52
59 53
59 54
59 55
59 56
60 50
60 51
60 52
60 53
60 54
60 55
60 56
61 50
61 51
61 52
61 53
61 54
61 55
61 56
10 35
10 36
10 37
10 38
10 39
10 40
10 41
11 35
11 36
11 37
11 38
11 39
11 40
11 41
12 35
12 36
12 37
12 38
12 39
12 40
12 41
13 35
13 36
13 37
13 38
13 39
13 40
13 41
14 35
14 36
14 37
14 38
14 39
14 40
14 41
15 35
15 36
15 37
15 38
15 39
15 40
15 41
16 35
16 36
16 37
16 38
16 39
16 40
16 41