# Team 030 large instance.
197
100
3
14
19 95
3 29
81 47
31 89
69 6
49 18
41 12
23 84
32 34
63 67
79 65
78 93
85 69
5 45
77 27
15 16
8 6
19 18
33 73
49 19
98 83
97 85
60 30
41 73
91 81
61 66
0 6
29 18
83 39
55 98
54 52
6 38
96 85
83 21
4 58
14 22
19 12
49 6
38 26
53 15
85 37
35 15
99 2
6 47
55 37
12 38
18 90
54 12
57 91
25 70
77 16
41 64
97 23
8 52
90 49
96 57
77 42
56 6
37 16
76 72
96 22
47 85
17 18
94 80
59 26
45 33
77 40
52 20
95 8
54 15
0 50
8 20
9 69
33 62
10 10
71 70
17 69
94 68
72 98
85 85
54 84
53 3
7 4
94 4
49 27
98 98
75 27
71 8
86 39
15 76
35 91
67 52
12 10
13 67
36 44
78 53
6 88
25 5
26 34
78 0
44 37
53 63
81 54
42 15
91 13
28 52
96 31
36 95
77 24
67 10
69 43
18 15
2 99
0 8
5 94
39 84
78 63
20 67
69 18
63 19
86 87
70 34
28 99
52 65
45 53
72 57
50 0
58 61
39 75
47 86
63 28
19 22
64 13
27 76
57 5
1 85
81 81
85 20
23 73
93 60
1 39
18 0
97 11
86 54
93 53
70 40
66 40
81 39
23 35
32 64
89 77
91 27
97 97
75 26
4 82
29 83
48 90
40 22
59 8
32 93
28 83
56 24
49 38
82 47
22 40
37 97
56 2
67 5
51 22
7 7
58 40
58 49
93 70
89 11
22 86
54 19
12 96
93 44
75 4
24 25
40 35
20 60
74 56
59 88
77 74
56 60
88 56
9 30
14 42
14 5
5 40
69 26
30 23
79 91
27 37
81 74
69 1