# Team 031 large instance.
204
100
3
14
0 31
0 34
0 82
1 17
1 35
1 46
1 82
2 47
3 10
3 36
3 63
3 76
4 14
4 21
4 92
5 22
5 26
5 33
5 42
5 82
5 95
6 14
6 22
6 50
6 88
7 11
7 17
7 21
7 25
7 48
7 68
8 32
8 67
8 75
10 58
10 83
10 98
11 19
11 22
11 53
11 63
11 77
11 98
12 36
12 56
12 63
12 69
12 92
13 14
13 17
13 37
13 57
14 30
14 44
14 51
14 94
15 47
15 70
15 72
16 18
16 70
16 99
17 18
17 59
17 61
17 68
17 70
17 78
17 91
18 25
18 48
18 54
18 58
18 67
18 71
18 88
19 22
19 30
19 40
19 56
20 30
20 57
21 69
22 36
23 70
23 75
23 89
23 94
24 35
24 41
24 79
25 27
25 28
25 29
25 52
25 63
26 41
26 51
26 67
27 52
27 57
27 89
27 94
27 98
28 64
28 91
28 72
28 95
29 30
29 89
30 34
31 84
32 67
32 72
32 79
32 84
32 93
33 41
33 84
33 92
33 96
34 55
34 63
34 77
35 42
35 52
35 53
35 61
35 62
35 73
35 77
35 93
35 98
36 67
36 79
37 49
37 57
38 39
38 48
38 71
39 87
39 98
40 47
40 82
43 81
44 54
45 58
45 90
45 96
46 61
47 65
47 79
47 97
50 56
50 74
50 75
51 53
51 60
51 86
52 59
52 60
53 69
54 59
54 77
55 62
55 66
55 67
55 88
56 76
57 88
58 92
59 64
59 68
59 82
59 86
60 97
61 81
62 72
62 95
63 94
64 74
64 90
65 66
65 80
66 89
67 97
68 91
69 76
69 89
71 74
72 94
73 87
75 94
77 87
77 97
78 97
81 91
82 87
83 98
87 92
88 90
90 93
91 93
91 98