# Team 032 large instance.
198
100
3
14
0 62
60 6
83 15
55 24
44 19
59 99
30 58
67 58
42 70
26 31
13 21
53 74
75 61
67 98
62 69
73 33
16 80
34 42
97 21
15 96
13 93
65 60
11 13
31 99
74 37
46 7
74 80
25 96
49 67
84 68
3 11
30 27
92 28
89 81
47 18
46 62
57 1
2 9
13 7
82 71
53 75
9 88
39 4
60 83
4 30
72 5
22 16
2 78
69 2
44 71
53 50
30 16
37 64
70 95
65 5
99 51
38 86
21 9
73 81
41 0
4 61
85 6
74 57
83 6
52 51
37 7
98 21
79 86
42 1
74 20
17 32
97 50
93 62
58 34
28 30
86 36
39 95
70 47
59 72
47 84
66 89
52 9
41 41
88 54
41 14
34 77
72 4
46 63
62 75
8 25
18 7
56 66
15 88
94 44
14 12
53 79
20 6
55 70
46 35
33 55
34 61
37 95
2 27
73 37
87 8
46 90
25 12
71 1
79 76
17 91
32 22
86 78
53 72
32 57
22 94
54 30
71 30
25 1
62 97
3 67
23 8
64 28
69 79
22 17
10 84
58 80
27 45
52 46
71 57
80 49
47 46
72 29
95 40
74 27
1 44
5 99
60 74
32 18
79 11
36 97
70 58
95 76
71 77
17 50
54 38
41 72
69 31
51 90
13 57
60 59
19 10
13 28
73 80
67 92
55 19
7 20
1 88
81 56
14 76
75 18
51 83
82 7
69 4
68 65
68 5
16 32
9 74
87 55
48 24
88 85
63 27
10 90
38 35
97 41
74 22
84 40
1 21
65 96
55 57
69 68
67 13
10 39
64 36
45 73
50 41
62 67
39 84
84 27
43 98
9 68
95 80
62 10
75 92
80 73
88 92
65 31
3 44
8 65