# Team 033 large instance.
200
100
3
14
55 57
18 17
52 58
70 73
22 17
87 89
5 1
5 10
22 26
0 5
17 21
34 37
37 42
55 59
72 75
18 19
90 90
88 93
20 22
70 75
39 35
0 7
37 35
1 8
55 52
72 77
18 21
35 37
88 95
73 76
90 92
70 68
70 77
51 57
22 21
39 37
0 0
68 70
85 86
1 10
36 41
53 57
55 54
71 72
56 53
73 78
90 94
3 1
70 70
5 7
20 26
38 41
0 2
89 86
89 95
68 72
55 56
72 72
73 71
88 90
3 3
20 19
5 0
21 18
38 34
5 9
51 61
22 25
38 43
34 39
36 36
53 52
54 51
55 58
54 60
72 74
73 73
85 93
20 21
22 18
21 20
39 34
4 4
86 85
69 78
86 94
89 90
1 7
2 6
34 41
36 38
53 54
37 37
55 51
71 69
88 85
55 60
71 78
73 75
85 95
56 59
5 4
51 56
52 55
69 71
1 0
1 9
34 43
19 24
53 56
37 39
85 88
88 87
73 68
56 61
20 25
4 8
21 24
69 73
87 88
89 94
2 1
17 20
19 26
54 57
71 73
73 70
90 86
68 74
88 89
20 18
21 17
4 10
21 26
18 27
69 75
70 74
87 90
89 87
39 43
1 4
19 19
53 51
37 34
36 44
37 43
85 92
88 91
56 56
3 4
51 53
4 3
38 35
69 68
52 61
86 93
70 76
39 36
1 6
0 8
34 40
36 37
53 53
37 36
54 52
85 85
71 68
68 69
68 78
71 77
85 94
72 69
4 5
90 93
52 54
69 70
70 78
89 91
39 38
0 1
17 17
0 10
2 7
19 23
54 54
85 87
56 51
55 55
18 24
90 95
69 72
87 87
5 8
1 1
0 3
17 19
34 44
37 40
54 56
85 89