# Team 034 large instance.
200
100
3
14
74 64
61 9
0 81
78 93
22 30
84 71
92 14
10 85
54 17
93 53
89 93
26 94
42 58
21 9
59 92
42 89
91 70
65 69
53 94
5 52
40 64
60 73
73 98
44 59
51 88
16 28
44 94
42 90
87 52
28 15
67 11
98 61
10 29
73 45
23 69
9 56
24 9
17 48
85 88
14 45
55 83
89 3
72 17
9 74
35 91
60 84
14 19
29 80
27 52
51 52
18 67
90 55
50 14
91 65
70 16
43 96
92 32
55 27
53 73
4 59
96 83
32 32
96 55
67 49
37 93
46 74
18 63
10 52
93 72
77 19
72 58
79 37
11 23
32 18
58 38
95 23
86 69
62 65
23 30
88 77
6 12
62 11
17 75
88 97
41 97
83 89
33 39
9 55
85 25
52 58
32 59
86 57
26 97
27 88
9 76
66 52
61 85
18 10
90 59
89 99
42 27
39 45
1 16
40 6
29 13
12 43
22 77
61 86
55 3
60 99
24 73
76 28
51 5
87 1
95 83
82 60
49 97
71 96
14 75
11 79
98 73
60 91
92 5
68 51
54 54
32 84
79 86
98 1
46 36
37 6
55 57
40 3
57 69
51 97
84 85
91 15
0 43
25 67
88 83
69 69
79 58
67 81
90 52
82 48
10 87
35 61
99 44
54 32
83 1
34 3
35 73
74 79
15 24
31 96
37 42
85 22
97 56
20 26
63 59
63 21
70 94
68 24
26 29
19 49
85 63
66 28
47 90
55 82
78 40
46 10
72 79
12 58
54 45
84 59
33 84
12 96
94 97
69 76
67 50
30 95
5 77
95 20
81 2
36 61
19 47
61 6
80 84
95 36
38 5
39 85
71 35
2 25
56 85
12 21
13 24
85 16
48 87
9 15
15 72
92 42