# Team 035 large instance.
200
100
3
14
99 51
45 20
99 98
95 81
81 3
50 20
30 21
44 33
56 40
56 55
68 50
90 67
92 47
85 89
83 76
72 56
76 11
63 59
69 3
59 10
51 25
48 46
44 75
41 9
38 37
31 34
33 97
29 8
26 18
24 26
21 38
20 1
19 17
14 5
13 6
10 7
17 4
14 2
87 21
99 90
97 30
96 38
93 90
90 44
87 86
86 71
84 50
81 80
78 6
77 5
75 16
74 19
71 69
69 2
67 65
66 45
66 7
64 1
62 56
60 20
59 8
58 54
57 36
55 45
53 35
52 25
50 14
49 7
45 9
44 30
43 38
42 9
40 15
36 35
35 17
33 28
30 24
29 7
28 25
27 26
26 23
24 21
22 20
20 9
19 10
19 7
19 4
19 15
15 15
13 8
10 9
9 6
5 4
5 1
6 3
4 2
2 1
7 3
4 1
2 10
4 20
6 30
8 40
10 50
12 60
14 70
16 80
18 90
20 99
55 67
42 89
6 16
2 3
8 99
55 66
33 45
18 22
19 45
37 38
2 17
1 99
15 84
63 68
31 86
24 77
19 31
19 32
76 86
75 94
12 72
12 78
12 65
14 55
24 58
10 42
10 99
13 49
11 18
19 72
88 89
83 91
72 90
64 93
16 26
17 54
27 93
3 93
53 68
36 89
28 49
72 91
49 60
26 62
38 83
49 94
28 82
93 95
3 84
9 17
8 38
29 87
35 84
14 77
66 67
48 49
48 50
83 85
26 44
28 36
33 44
38 57
49 62
70 71
98 99
15 25
14 47
28 97
62 71
28 66
35 92
14 85
37 86
26 40
11 15
8 63
8 93
8 95
22 39
51 59
61 69
71 79
81 88
75 78
26 69
12 69
16 51
38 40
22 94
21 96
14 14