# Team 036 large instance.
200
100
3
14
38 70
89 83
17 33
73 98
75 54
23 53
31 37
48 61
52 54
85 58
35 52
60 80
43 8
3 7
74 77
30 21
39 93
59 13
89 79
50 99
46 10
48 70
38 3
69 18
5 27
50 73
34 85
7 62
15 30
44 33
24 44
35 28
74 82
45 59
72 44
21 85
9 38
47 82
37 52
82 5
70 47
81 97
4 59
66 25
47 78
4 55
50 2
15 31
29 86
58 35
18 31
66 6
23 20
96 29
97 33
32 52
80 12
66 4
16 32
7 71
24 61
38 47
21 31
85 68
58 40
67 24
45 36
87 48
80 27
43 9
84 89
86 11
68 3
48 53
54 6
8 87
49 52
74 80
32 47
3 40
5 92
13 64
33 36
26 56
21 5
54 79
97 32
92 53
8 37
25 8
25 68
64 19
96 58
45 38
51 7
72 23
83 35
33 7
51 75
9 22
20 48
13 43
15 17
67 22
49 99
78 96
14 48
92 9
88 93
65 22
71 83
27 52
74 17
10 76
48 59
76 50
15 26
4 24
55 29
89 36
11 80
50 81
76 92
1 34
95 73
16 0
57 70
82 57
37 31
31 96
0 88
61 5
5 33
74 59
17 15
73 39
14 62
77 39
72 26
8 72
17 75
70 7
63 21
7 96
32 70
41 80
95 12
54 91
98 59
83 15
26 68
92 87
32 30
16 20
24 68
65 49
14 72
88 20
50 39
96 42
81 49
14 70
96 68
84 40
22 33
68 51
2 78
43 41
56 39
10 66
54 27
76 64
10 46
36 38
59 85
10 11
75 34
62 44
12 27
54 21
5 32
69 75
91 33
29 35
72 4
27 73
80 89
33 89
41 23
15 52
3 27
26 28
3 58
54 90
61 51
33 10
48 83
38 58
84 5
47 36