# Team 037 large instance.
200
100
3
14
0 0
0 4
0 8
0 12
0 16
0 20
0 24
0 28
0 32
0 36
0 40
0 44
0 48
0 52
0 56
0 60
0 64
0 68
0 72
0 76
0 80
0 84
0 88
0 92
0 96
10 0
10 4
10 8
10 12
10 16
10 20
10 24
10 28
10 32
10 36
10 40
10 44
10 48
10 52
10 56
10 60
10 64
10 68
10 72
10 76
10 80
10 84
10 88
10 92
10 96
30 0
30 4
30 8
30 12
30 16
30 20
30 24
30 28
30 32
30 36
30 40
30 44
30 48
30 52
30 56
30 60
30 64
30 68
30 72
30 76
30 80
30 84
30 88
30 92
30 96
40 0
40 4
40 8
40 12
40 16
40 20
40 24
40 28
40 32
40 36
40 40
40 44
40 48
40 52
40 56
40 60
40 64
40 68
40 72
40 76
40 80
40 84
40 88
40 92
40 96
50 0
50 4
50 8
50 12
50 16
50 20
50 24
50 28
50 32
50 36
50 40
50 44
50 48
50 52
50 56
50 60
50 64
50 68
50 72
50 76
50 80
50 84
50 88
50 92
50 96
60 0
60 4
60 8
60 12
60 16
60 20
60 24
60 28
60 32
60 36
60 40
60 44
60 48
60 52
60 56
60 60
60 64
60 68
60 72
60 76
60 80
60 84
60 88
60 92
60 96
70 0
70 4
70 8
70 12
70 16
70 20
70 24
70 28
70 32
70 36
70 40
70 44
70 48
70 52
70 56
70 60
70 64
70 68
70 72
70 76
70 80
70 84
70 88
70 92
70 96
90 0
90 4
90 8
90 12
90 16
90 20
90 24
90 28
90 32
90 36
90 40
90 44
90 48
90 52
90 56
90 60
90 64
90 68
90 72
90 76
90 80
90 84
90 88
90 92
90 96