# Team 038 large instance.
203
100
3
14
50 15
37 76
48 90
7 14
11 25
88 98
45 5
95 54
27 71
70 11
65 39
96 31
3 88
2 92
63 34
25 29
28 15
38 41
4 4
7 21
59 80
87 80
15 64
71 27
2 33
1 9
13 14
74 3
81 35
25 12
58 82
3 4
57 45
73 8
3 21
83 3
87 92
65 70
45 68
83 75
88 8
39 99
74 68
24 93
49 36
12 92
97 52
41 31
30 94
84 48
26 55
11 96
94 84
77 92
91 37
60 61
30 80
37 65
25 67
11 50
59 58
88 63
38 19
86 9
54 65
15 71
55 60
94 50
60 73
22 79
96 93
75 26
88 27
71 34
23 22
99 66
55 36
6 6
68 86
26 85
97 32
90 9
13 39
15 96
27 64
18 17
6 46
38 5
38 33
60 22
16 78
67 32
16 26
71 26
6 28
72 1
35 37
41 96
91 45
6 76
10 52
84 95
37 45
70 35
17 30
1 61
41 36
96 51
45 9
88 81
59 32
55 85
6 49
43 69
86 10
86 7
69 61
32 7
65 18
55 73
73 34
27 47
10 10
10 89
11 85
90 70
64 61
15 87
93 38
86 85
11 62
53 21
68 55
31 74
2 91
99 74
66 83
5 88
8 22
75 47
11 45
59 56
8 74
37 94
63 63
41 73
39 41
41 44
13 36
70 83
19 47
11 81
60 80
64 15
17 44
77 31
16 66
30 34
56 70
30 76
21 56
15 35
48 37
22 34
22 33
49 14
40 95
10 2
76 46
38 42
11 91
22 49
76 26
92 41
61 25
40 55
35 96
13 51
90 31
84 61
84 63
70 99
31 61
68 97
25 82
67 71
26 64
21 61
65 98
80 98
15 68
31 83
72 66
81 39
61 18
65 14
91 14
52 63
85 27
66 87
91 81
12 9
66 69