# Team 039 large instance.
200
100
3
14
38 23
89 4
69 65
32 46
53 78
52 58
47 7
62 26
56 74
82 38
8 55
74 9
77 35
65 79
51 25
43 21
74 91
80 40
97 1
13 81
18 74
67 70
93 6
91 73
19 11
75 65
40 43
83 78
28 23
68 68
49 64
9 92
16 70
17 44
25 91
96 53
71 88
17 62
25 45
62 94
19 4
20 88
76 1
58 81
43 7
74 77
66 9
6 52
75 21
21 50
35 21
67 56
99 24
73 69
53 66
89 65
17 46
96 46
76 95
61 58
17 0
82 35
47 13
12 13
58 74
92 21
32 73
78 40
18 53
50 33
87 61
19 36
33 35
88 90
72 81
81 93
23 6
9 53
76 51
23 15
34 82
75 62
74 8
74 72
80 85
94 84
4 29
97 46
1 5
19 84
71 67
52 96
26 77
53 6
11 89
94 50
66 98
8 56
32 41
37 71
6 95
41 7
41 71
96 16
8 13
19 13
88 12
13 73
44 85
74 86
1 80
25 81
0 27
86 23
13 39
33 60
12 92
96 82
0 75
76 39
26 67
84 28
50 60
77 22
7 34
59 81
8 8
10 60
79 59
7 43
11 13
18 61
74 81
2 74
79 77
1 20
99 34
77 61
17 56
15 95
18 36
44 0
55 85
11 6
11 70
11 15
56 47
99 82
0 79
71 11
94 95
93 41
68 85
52 34
58 59
98 95
77 81
49 44
90 45
87 92
19 12
36 28
71 50
9 75
37 91
10 18
36 37
5 86
61 48
55 71
80 70
36 67
62 31
8 60
50 75
99 59
46 62
37 93
71 6
17 90
68 16
75 86
37 47
52 29
94 35
20 6
53 76
93 57
45 72
28 1
89 20
26 46
34 81
59 80
17 74
2 55
94 92
5 99
68 82
97 63