# Team 040 large instance.
200
100
3
14
0 51
0 52
0 53
0 54
0 55
0 56
0 57
0 58
0 59
0 60
0 61
0 62
0 63
0 64
0 65
0 66
0 67
0 68
0 69
0 70
0 71
0 72
0 73
0 74
0 75
0 76
0 77
0 78
0 79
0 80
0 81
0 82
0 83
0 84
0 85
0 86
0 87
0 88
0 89
0 90
0 91
0 92
0 93
0 94
0 95
0 96
0 97
0 98
0 99
1 99
2 99
3 99
4 99
5 99
6 99
7 99
8 99
9 99
10 99
11 99
12 99
13 99
14 99
15 99
16 99
17 99
18 99
19 99
20 99
21 99
22 99
23 99
24 99
25 99
26 99
27 99
28 99
29 99
30 99
31 99
32 99
33 99
34 99
35 99
36 99
37 99
38 99
39 99
40 99
41 99
42 99
43 99
44 99
45 99
46 99
47 99
48 99
49 99
1 74
1 75
1 76
1 77
1 78
1 79
1 80
1 81
1 82
1 83
1 84
1 85
1 86
1 87
1 88
1 89
1 90
1 91
1 92
1 93
1 94
1 95
1 96
1 97
1 98
99 0
97 0
93 0
85 0
69 0
37 0
37 4
38 4
40 4
44 4
52 4
68 4
99 4
70 70
74 70
70 66
74 66
77 68
67 68
72 63
72 73
66 30
80 30
85 30
89 30
82 33
83 33
82 27
83 27
86 33
79 33
73 32
68 32
30 10
33 13
37 17
39 19
44 24
46 26
49 29
50 30
55 35
57 37
59 39
61 41
65 45
67 47
70 50
71 51
73 53
74 54
76 56
80 60
82 62
85 65
89 69
90 70
91 71
92 72
94 74
96 76
99 79
20 40
21 40
22 40
23 40
24 40
20 39
21 39
22 39
23 39
24 39
20 38
21 38
22 38
23 38
24 38