# Team 041 large instance.
200
100
3
14
69 53
54 27
0 95
29 61
59 52
54 91
82 0
55 0
61 53
13 78
80 0
99 42
57 19
7 25
89 98
64 78
74 81
72 8
22 60
31 27
52 42
35 55
8 93
54 3
21 63
40 53
3 8
50 28
82 89
99 77
29 27
15 58
44 4
13 40
24 59
96 84
6 51
52 37
40 93
60 87
53 3
49 89
22 53
54 95
51 77
53 66
36 72
4 30
11 64
99 23
47 33
10 97
63 22
9 36
96 0
61 52
63 60
23 17
38 64
99 25
58 88
39 54
71 16
10 89
59 58
50 5
50 81
58 70
46 52
8 35
52 93
12 34
69 4
9 35
60 71
53 11
88 49
82 77
68 0
69 63
39 23
93 28
75 4
21 78
85 69
34 17
64 22
21 43
96 32
33 30
54 76
75 49
13 82
17 70
42 57
63 29
0 59
52 26
93 84
46 66
92 47
70 39
22 92
89 79
1 22
30 62
18 57
36 20
90 34
71 15
3 97
88 96
65 44
64 54
80 12
3 37
79 95
39 72
2 79
31 59
28 35
91 80
46 64
87 27
21 6
16 58
33 93
41 16
78 42
98 63
29 0
83 27
84 40
63 89
6 67
84 55
10 44
19 94
38 27
17 54
8 84
78 45
21 89
31 74
1 96
23 74
60 11
32 20
18 14
27 51
24 93
32 7
6 25
70 56
75 57
20 48
43 88
32 51
5 36
36 8
70 10
79 82
68 55
32 57
26 45
30 26
72 7
50 60
2 54
59 39
14 28
54 26
31 72
25 44
89 71
20 25
26 99
5 51
86 58
8 44
66 2
83 83
59 82
56 81
79 68
42 98
80 16
21 14
38 50
40 66
17 77
34 26
14 62
61 51
33 21
17 85
60 50
27 40
82 59
37 72