# Team 043 large instance.
195
100
3
14
94 76
72 65
37 54
71 70
16 22
31 16
23 4
18 48
63 5
32 22
69 8
88 71
20 71
11 78
98 74
44 14
45 91
45 28
71 49
19 98
46 54
98 80
22 3
58 72
91 26
22 24
90 40
72 16
75 76
23 85
76 78
55 93
63 33
13 40
60 98
69 91
27 66
3 89
35 93
59 16
11 6
19 10
66 0
80 4
30 26
18 22
92 62
44 39
54 50
45 7
66 81
21 80
21 30
4 34
23 71
1 28
86 0
37 71
57 88
83 40
64 8
45 85
62 21
14 28
48 10
29 11
70 56
91 65
77 34
42 24
1 36
85 13
54 82
32 97
56 93
61 90
11 60
82 52
38 6
40 70
77 67
63 37
26 98
45 89
72 13
49 42
98 35
33 70
18 16
79 49
33 2
35 3
56 62
98 10
30 85
6 36
22 74
3 95
24 70
19 63
86 21
48 58
78 50
54 70
53 0
95 86
83 42
26 94
19 84
18 13
55 80
80 61
63 81
61 25
23 14
66 1
18 10
74 60
39 46
83 31
50 13
30 7
79 28
47 65
38 27
87 89
83 90
10 1
5 28
59 45
0 30
35 40
39 24
7 50
9 26
2 48
78 5
55 78
5 89
22 43
51 97
92 18
2 96
75 70
74 78
70 83
79 82
25 15
79 89
95 43
84 92
49 96
6 64
72 81
5 10
73 69
23 92
62 37
34 20
82 15
90 47
80 77
87 44
20 41
5 63
76 23
36 74
23 91
33 37
62 44
15 78
63 88
63 47
24 97
77 28
1 50
19 59
63 69
43 76
75 9
27 36
0 34
27 29
78 95
3 62
16 5
85 78
28 72
0 0
12 27
86 71
68 33
42 7
21 0
85 23