# Team 044 large instance.
205
100
3
14
58 87
75 79
3 46
74 75
94 11
89 37
41 45
26 32
52 12
69 43
36 58
77 60
56 17
65 79
97 85
84 23
21 1
28 18
92 32
50 57
0 26
39 46
12 91
93 87
18 28
33 18
90 42
67 12
8 18
34 78
91 47
8 94
61 13
60 64
31 26
99 87
65 65
26 88
19 54
29 19
76 23
30 19
5 30
48 24
40 92
22 49
28 19
80 29
29 45
82 57
34 41
55 47
29 34
22 31
56 18
63 57
14 74
31 23
37 41
1 97
97 81
26 20
73 87
63 42
83 76
94 62
49 3
34 97
8 19
71 29
56 33
53 46
12 14
23 36
3 41
63 93
85 3
73 54
52 5
63 65
49 44
55 0
93 94
28 44
46 52
32 65
37 61
34 72
39 58
43 16
23 37
33 95
3 76
46 81
33 9
91 12
53 96
87 2
46 23
39 96
5 44
18 93
1 2
35 5
67 85
43 15
1 13
38 17
75 11
5 39
26 33
34 92
22 86
21 92
47 24
9 31
2 59
52 96
11 28
47 19
58 26
11 39
27 42
58 21
66 84
58 72
91 89
4 15
22 97
71 77
78 32
72 29
92 63
0 19
40 60
23 30
56 38
89 64
86 88
15 81
61 19
83 71
3 79
57 37
91 96
94 60
73 37
40 39
15 12
97 26
60 91
24 55
41 42
30 75
24 25
48 98
39 41
4 14
17 3
12 96
15 83
29 16
75 41
2 81
16 7
2 82
94 78
55 94
1 9
84 54
47 44
2 9
14 90
39 86
16 30
3 48
68 89
6 12
13 79
67 71
74 0
48 65
64 97
22 11
38 83
82 88
43 41
23 83
53 10
46 30
45 91
32 87
70 74
17 82
63 24
93 45
44 8
7 16
26 73
21 6
95 84
12 61
39 59
88 28
14 27