# Team 045 large instance.
200
100
3
14
14 10
14 18
37 83
39 29
55 59
82 1
75 24
37 0
14 63
60 93
11 46
58 35
38 39
4 51
47 68
73 75
86 33
48 3
32 49
40 13
33 10
29 21
8 33
45 53
25 83
16 91
48 4
72 76
66 66
75 48
83 35
41 64
5 77
92 37
40 18
15 10
23 3
41 14
71 46
39 53
13 27
96 83
40 72
96 24
80 53
66 34
93 56
81 78
99 55
72 27
31 54
19 82
57 45
34 63
33 59
87 74
41 92
21 26
17 29
24 92
12 70
73 8
28 22
6 24
93 52
57 63
51 34
4 12
89 24
9 65
82 25
3 54
67 75
94 36
42 15
52 56
82 46
50 94
28 68
83 5
9 1
81 58
1 10
48 1
69 17
99 20
30 95
95 65
96 0
87 28
47 54
90 30
50 56
60 32
65 0
41 7
53 72
36 26
5 99
25 23
56 2
11 75
3 16
62 44
60 41
33 19
29 85
39 64
25 41
25 27
78 97
50 45
65 81
75 56
12 45
61 96
32 43
61 82
83 10
41 52
36 65
97 76
78 41
34 88
11 4
85 52
36 93
31 9
26 3
98 5
59 63
66 67
19 65
84 71
95 69
52 81
86 1
16 42
71 99
18 56
30 28
82 4
70 64
18 29
62 98
53 47
55 44
20 54
2 67
16 12
48 72
18 99
26 57
62 74
71 37
20 55
26 75
28 38
5 48
38 52
80 60
58 81
44 38
11 66
57 37
43 11
58 56
46 59
41 11
88 70
21 45
80 95
47 62
74 89
86 66
3 14
89 10
49 76
73 71
51 46
48 43
71 58
96 82
54 50
35 82
49 22
82 20
26 98
12 18
20 39
73 43
68 49
53 43
43 35
34 41
26 87
16 97
66 30
34 53
64 7