# Team 046 large instance.
200
100
3
14
15 50
74 88
91 66
36 88
23 13
22 17
56 57
52 59
80 78
73 19
53 28
65 72
67 31
48 92
0 28
74 95
16 73
44 94
87 68
6 29
55 0
39 71
31 2
85 15
62 0
58 36
19 8
59 45
25 52
45 48
46 57
22 54
88 34
53 77
11 71
30 56
0 51
24 63
92 32
87 83
46 26
98 93
34 71
94 12
33 38
26 28
90 53
79 39
59 26
55 52
10 91
21 59
57 62
68 16
84 24
4 78
10 0
8 12
34 97
86 84
39 57
45 88
52 38
69 43
30 0
8 16
49 16
35 5
41 55
83 51
38 66
98 38
99 11
97 97
92 62
59 21
55 78
9 55
53 67
90 76
43 48
79 0
11 1
95 71
30 9
9 88
27 94
99 82
26 38
15 74
92 25
89 20
54 89
79 7
89 47
68 28
88 71
97 1
53 36
75 83
7 77
11 2
38 24
79 35
29 14
93 93
17 48
47 39
10 88
13 33
47 60
65 66
63 4
20 67
35 39
93 6
16 1
15 26
33 96
36 3
94 30
15 78
47 13
26 76
28 26
49 36
88 68
86 42
70 12
94 9
36 36
98 33
57 69
20 84
88 78
44 20
79 30
2 75
76 61
66 13
61 32
51 54
83 24
34 88
11 50
26 52
76 97
26 31
42 11
51 71
64 73
60 93
54 19
53 94
65 49
87 24
15 80
77 19
80 76
72 4
92 67
53 20
72 67
9 36
99 90
94 88
49 79
96 9
41 96
12 63
49 55
32 60
96 74
37 53
81 16
19 59
91 81
62 17
76 14
34 48
28 27
68 51
46 70
8 2
14 66
47 75
49 60
46 82
90 5
38 22
36 64
20 15
62 23
77 26
59 54
70 43
5 32
73 64
19 68
91 80