# Team 048 large instance.
205
100
3
14
1 7
0 14
0 21
0 28
0 35
0 42
0 49
0 56
2 64
0 70
0 77
0 84
0 91
0 98
7 0
6 14
7 21
7 28
7 35
7 42
7 49
7 56
7 63
7 70
7 77
7 84
7 91
7 98
14 2
14 9
14 16
15 23
14 30
14 37
14 44
14 51
14 58
13 65
14 72
14 79
14 86
14 93
21 0
21 7
21 14
21 21
21 28
21 35
21 42
21 49
22 56
21 63
21 70
21 77
21 84
22 91
21 98
28 2
28 9
27 16
27 23
28 30
27 37
28 44
28 51
28 58
28 65
28 72
28 79
28 86
28 93
35 7
36 14
35 21
35 28
35 35
35 42
35 49
35 56
35 70
35 77
35 84
35 91
35 98
41 2
42 9
42 16
42 23
43 30
41 37
43 44
41 51
42 58
42 65
42 72
42 79
49 0
49 7
49 14
49 21
49 28
49 35
49 42
49 49
50 56
49 63
50 70
49 77
49 84
49 91
49 98
56 2
56 9
56 16
56 23
56 30
56 37
56 44
56 51
56 58
56 65
56 72
56 79
56 86
56 93
63 4
62 7
63 13
63 21
63 28
63 35
63 42
63 49
62 56
63 63
63 70
63 77
63 91
63 98
70 2
70 9
70 16
71 23
70 30
70 37
69 44
69 58
70 65
70 72
70 79
69 86
70 93
77 0
77 7
77 21
78 28
77 35
77 42
76 49
77 56
77 63
77 70
77 77
78 84
77 98
83 2
84 9
84 16
84 30
84 37
84 44
83 51
83 58
84 65
84 72
83 79
84 86
84 93
91 0
91 7
91 14
91 21
91 28
91 35
91 42
91 49
91 56
91 70
91 77
91 84
91 91
91 98
98 2
98 16
98 23
99 30
98 37
98 44
98 51
98 58
98 65
98 72
99 79
99 86
93 93