# Team 049 large instance.
200
100
3
14
61 52
59 9
53 23
94 67
74 9
11 69
3 31
41 15
51 80
21 46
3 95
35 17
31 65
72 11
12 61
90 26
95 77
79 35
87 18
33 47
45 76
3 70
75 1
30 75
5 21
0 16
69 97
29 6
32 32
18 76
71 24
91 57
64 82
37 74
40 91
28 71
60 14
92 83
80 35
10 22
81 82
1 92
53 75
73 87
5 62
2 54
41 85
50 33
16 10
81 75
62 71
1 30
63 70
54 12
59 63
3 58
14 3
62 89
23 15
54 85
93 67
11 59
2 56
3 21
94 75
66 4
95 40
61 17
55 31
10 8
24 7
96 78
6 1
32 84
61 99
2 22
81 22
85 38
9 37
10 99
54 69
54 14
57 31
68 86
94 59
4 4
6 86
60 75
24 55
84 51
64 45
4 40
27 35
90 73
25 81
55 60
94 43
88 39
34 68
91 1
45 13
38 93
41 0
85 67
87 31
43 6
1 55
42 8
42 17
90 66
71 62
2 72
7 68
62 68
19 42
31 7
60 43
91 58
43 36
91 67
87 15
29 28
4 8
40 28
4 63
27 3
13 50
23 30
58 82
64 95
25 3
19 17
73 52
47 97
79 13
0 22
11 22
88 89
3 57
80 57
7 18
6 83
52 50
6 28
47 8
26 40
93 5
24 52
34 84
4 92
64 42
53 42
30 19
39 52
11 70
35 6
28 31
74 83
42 85
63 62
20 57
32 22
17 49
48 27
21 10
49 81
40 23
6 94
45 22
47 83
93 80
65 9
2 5
94 88
63 0
88 84
5 95
20 59
94 60
23 82
82 34
18 95
91 12
17 72
91 94
20 61
0 92
18 70
1 29
87 78
25 39
34 81
20 91
29 39
54 93
30 80
60 81
30 89
74 98
33 27