# Team 050 large instance.
198
100
3
14
46 68
44 88
93 22
49 13
35 62
24 39
72 78
67 93
33 79
36 61
77 72
20 18
78 51
20 67
40 21
77 80
61 55
12 79
89 30
21 5
68 86
89 1
20 95
65 18
45 18
29 26
30 75
57 88
50 73
39 44
2 52
70 22
6 98
25 4
4 25
23 26
39 64
75 6
27 77
63 8
97 83
72 2
28 7
85 63
56 79
56 19
84 90
92 71
54 45
70 45
36 54
25 60
5 73
41 4
8 44
59 32
60 99
87 25
95 71
57 75
93 74
37 14
67 69
80 97
67 79
3 92
11 2
62 1
19 15
95 72
21 56
54 15
53 37
94 36
98 85
27 64
16 90
72 6
53 31
61 64
34 69
24 77
65 14
94 40
65 29
96 20
86 74
28 63
91 96
13 65
96 64
54 37
20 33
94 92
62 22
17 69
98 9
16 91
44 92
29 90
26 10
87 92
50 12
26 20
80 18
30 18
15 55
56 53
28 44
27 27
12 56
61 99
47 49
10 20
45 4
57 50
99 35
55 65
83 30
7 55
49 11
29 31
94 94
97 99
49 23
2 86
56 23
11 88
64 65
54 81
51 50
66 19
28 4
67 52
70 36
46 65
79 60
86 49
41 84
11 34
68 18
45 23
99 0
40 26
83 63
69 47
19 11
9 41
27 72
39 5
64 14
23 5
11 16
72 96
23 23
88 80
11 90
44 98
74 76
85 17
94 79
1 97
98 17
92 9
87 12
83 11
75 61
83 18
5 58
70 98
32 13
1 9
63 56
22 86
3 20
19 81
0 66
87 21
70 15
68 74
30 25
57 94
29 11
40 24
30 22
91 82
15 44
24 73
79 6
45 91
46 97
70 3
21 93
3 38
50 40
8 62
97 26
74 87