# Team 052 large instance.
195
100
3
14
3 25
44 42
76 86
63 83
36 15
58 90
99 45
70 67
40 35
41 8
76 66
28 60
61 39
97 91
31 72
5 83
24 86
71 39
51 18
38 35
97 40
12 13
53 1
81 22
12 2
40 83
84 52
37 94
15 81
48 11
37 28
33 62
28 34
80 81
16 96
6 11
97 34
52 3
32 6
20 16
84 99
52 79
44 7
73 71
4 45
4 37
49 0
91 64
61 22
38 38
21 52
4 80
58 87
75 99
88 66
22 76
94 19
29 32
10 66
78 87
85 79
14 31
52 40
75 84
36 47
99 87
2 16
22 19
82 77
98 54
48 14
23 72
93 1
5 99
44 28
61 10
82 52
91 50
54 58
53 87
14 20
55 81
33 20
98 62
47 22
36 86
22 22
86 31
30 52
85 45
1 35
27 16
98 94
83 36
50 97
0 10
23 4
79 96
45 94
29 10
2 98
22 46
12 23
67 62
23 55
30 57
66 54
50 7
38 63
36 84
17 99
92 59
13 58
21 44
67 68
84 60
92 79
87 13
44 63
47 60
54 9
4 43
78 66
11 10
65 25
84 50
79 85
59 77
96 56
16 15
83 74
32 90
36 93
53 22
38 88
98 25
61 52
43 6
3 20
81 51
89 81
66 76
35 58
60 70
6 62
22 3
2 37
48 91
83 20
64 93
94 81
38 21
46 72
91 21
4 9
16 82
37 50
56 34
82 0
5 9
0 24
89 88
28 32
61 5
96 91
54 14
5 86
88 22
68 59
27 79
73 61
83 17
90 90
82 26
90 13
4 69
33 98
8 40
22 61
51 34
91 6
53 48
61 8
8 38
47 57
69 14
11 49
93 85
97 16
85 51
98 2
41 1
6 94
20 80
51 28