# Team 053 large instance.
200
100
3
14
3 3
3 4
3 5
4 3
4 4
4 5
5 3
5 4
5 5
7 7
7 8
7 9
8 7
8 8
8 9
9 7
9 8
9 9
11 11
11 12
11 13
12 11
12 12
12 13
13 11
13 12
13 13
15 15
15 16
15 17
16 15
16 16
16 17
17 15
17 16
17 17
19 19
19 20
19 21
20 19
20 20
20 21
21 19
21 20
21 21
23 23
23 24
23 25
24 23
24 24
24 25
25 23
25 24
25 25
27 27
27 28
27 29
28 27
28 28
28 29
29 27
29 28
29 29
31 31
31 32
31 33
32 31
32 32
32 33
33 31
33 32
33 33
35 35
35 36
35 37
36 35
36 36
36 37
37 35
37 36
37 37
39 39
39 40
39 41
40 39
40 40
40 41
41 39
41 40
41 41
43 43
43 44
43 45
44 43
44 44
44 45
45 43
45 44
45 45
47 47
47 48
47 49
48 47
48 48
48 49
49 47
49 48
49 49
51 51
51 52
51 53
52 51
52 52
52 53
53 51
53 52
53 53
55 55
55 56
55 57
56 55
56 56
56 57
57 55
57 56
57 57
59 59
59 60
59 61
60 59
60 60
60 61
61 59
61 60
61 61
63 63
63 64
63 65
64 63
64 64
64 65
65 63
65 64
65 65
67 67
67 68
67 69
68 67
68 68
68 69
69 67
69 68
69 69
71 71
71 72
71 73
72 71
72 72
72 73
73 71
73 72
73 73
75 75
75 76
75 77
76 75
76 76
76 77
77 75
77 76
77 77
79 79
79 80
79 81
80 79
80 80
80 81
81 79
81 80
81 81
83 83
83 84
83 85
84 83
84 84
84 85
85 83
85 84
85 85
87 87
87 88
87 89
88 87
88 88
88 89
89 87
89 88
89 89
91 91
91 92