# Team 054 large instance.
200
100
3
14
69 56
18 17
53 69
41 49
87 71
59 0
98 46
61 61
73 26
87 16
7 35
56 19
37 15
36 25
56 92
8 18
92 97
29 4
7 1
29 68
78 52
6 75
52 42
72 20
36 55
78 70
93 52
28 51
64 80
0 44
73 28
5 67
28 23
58 24
86 95
66 71
32 14
11 80
77 46
87 48
87 66
73 12
52 44
89 8
62 76
22 67
55 79
40 91
74 4
86 33
83 16
0 9
6 43
63 56
29 63
38 11
59 98
42 91
79 85
33 42
57 36
92 12
51 4
76 3
32 0
77 32
32 64
14 28
67 40
25 68
64 50
90 14
4 45
93 31
53 59
79 78
17 39
42 38
79 69
58 67
12 79
60 9
94 11
94 75
9 71
9 80
58 94
7 55
90 71
98 84
11 25
10 90
54 69
20 67
77 0
64 79
3 69
69 69
64 36
67 35
36 93
33 30
91 47
68 24
82 23
91 1
36 65
12 10
30 58
69 7
31 32
78 83
58 80
72 42
62 50
98 15
34 98
72 60
98 79
7 4
25 65
59 33
90 20
65 21
82 16
5 98
23 3
28 63
23 12
14 9
31 25
84 92
99 62
78 39
1 66
59 44
28 93
0 22
8 35
2 28
65 96
68 92
23 69
95 85
95 30
6 37
90 6
35 70
56 38
18 54
57 67
19 28
28 31
79 79
87 74
59 67
18 93
90 45
61 73
59 21
8 12
0 8
93 25
34 49
11 81
8 30
46 78
57 23
3 52
68 87
32 33
43 33
32 88
40 89
87 30
4 78
0 56
37 20
70 87
83 17
74 14
76 29
13 13
13 77
43 35
58 54
50 50
16 82
95 27
24 40
26 92
93 57
81 46
88 70
65 13
5 26
91 32
93 93
65 22
75 88