# Team 055 large instance.
200
100
3
14
73 4
54 61
73 1
26 59
62 35
83 20
4 66
62 41
9 31
95 46
5 53
17 77
45 48
53 36
86 33
58 22
87 38
84 46
17 58
98 30
56 78
48 5
74 0
30 17
24 38
68 46
40 85
70 57
55 60
8 83
74 41
64 20
28 52
30 4
4 63
38 77
84 9
68 10
19 49
72 47
76 19
14 99
98 12
56 21
24 44
55 53
57 31
87 35
18 79
66 22
15 34
58 38
21 84
83 22
99 22
61 98
44 41
55 28
0 69
91 5
42 40
31 10
33 57
51 74
20 49
63 86
30 94
67 34
66 61
77 63
8 21
62 86
59 51
17 53
69 74
44 68
49 62
89 21
71 56
12 53
4 0
56 68
8 6
44 11
19 13
77 58
62 17
58 55
99 64
57 43
92 33
99 89
58 54
42 83
66 66
19 94
30 41
79 4
87 25
82 75
73 80
61 3
14 37
55 31
91 37
11 5
76 70
98 13
36 20
85 61
18 46
76 51
99 24
44 23
10 75
24 54
26 12
87 39
59 95
96 88
66 92
54 57
85 95
71 26
34 76
46 14
80 99
80 0
26 54
78 52
48 83
25 8
98 54
11 7
44 32
46 58
54 97
24 80
95 36
59 88
37 64
63 64
33 51
56 81
43 44
92 35
61 57
61 75
61 10
88 69
92 46
92 51
21 77
53 92
72 8
76 93
39 2
75 41
83 41
9 94
50 78
47 36
77 23
30 21
39 12
71 6
28 72
95 9
53 24
72 73
56 75
2 50
25 43
73 24
66 72
97 98
41 6
84 88
74 6
4 72
46 50
41 76
81 21
98 20
15 77
44 21
3 92
68 65
50 56
73 44
7 18
56 90
60 78
57 92
56 77
22 45
54 43
71 65
58 49
24 12