# Team 056 large instance.
199
100
3
14
75 22
97 91
23 69
39 56
97 92
15 91
54 98
61 57
66 96
36 52
35 41
37 83
61 59
12 32
19 79
88 75
66 80
92 14
20 0
13 67
37 16
29 46
28 37
23 56
56 4
85 42
14 18
34 27
62 71
44 82
4 67
22 39
74 95
20 5
16 82
1 89
63 30
32 25
42 67
8 28
50 27
12 10
42 48
75 41
1 80
88 56
9 23
74 38
60 68
50 53
92 84
63 36
98 20
15 73
60 8
20 96
4 57
30 22
28 64
78 18
0 47
9 56
56 38
23 40
54 97
37 62
61 66
28 0
26 8
79 62
27 95
62 80
2 32
70 90
36 27
64 9
38 10
66 5
71 1
69 52
20 55
69 49
3 36
54 0
93 12
9 11
74 59
38 55
40 17
68 30
36 6
7 74
4 94
53 29
15 7
85 63
42 43
25 47
50 98
63 4
27 32
21 16
65 32
44 15
29 56
96 81
92 44
81 33
21 10
55 69
70 57
85 80
49 1
67 99
97 31
72 0
56 83
27 21
2 8
38 37
34 95
62 97
66 61
42 40
80 79
55 6
96 46
27 92
40 6
54 56
63 38
85 7
73 11
81 68
71 64
15 38
68 21
26 36
29 92
99 40
31 13
50 46
9 49
10 79
70 8
88 50
47 39
87 57
94 32
33 51
7 70
70 71
8 37
22 32
16 39
67 10
20 98
51 20
30 1
87 89
38 57
27 47
57 73
81 19
28 25
28 86
60 61
55 51
28 8
3 9
74 97
73 59
30 0
44 91
81 14
80 50
62 87
88 70
40 0
3 83
26 38
5 84
60 14
60 94
23 19
32 49
61 94
93 29
85 91
32 46
43 56
57 9
69 80
26 27
19 6
56 49
79 98
44 92
41 53