# Team 057 large instance.
200
100
3
14
99 75
49 91
49 85
89 80
58 38
70 21
1 84
35 46
43 34
47 55
66 40
88 40
21 15
78 78
45 24
50 22
10 45
58 44
23 0
85 19
77 29
69 88
87 87
96 89
84 31
52 83
1 35
1 52
83 10
21 47
44 6
74 84
95 47
39 83
47 79
71 61
31 25
2 24
12 50
0 81
49 18
73 34
17 71
28 67
76 10
44 32
69 19
22 32
87 45
80 40
71 51
73 5
74 44
11 59
88 19
3 21
82 13
1 31
95 24
94 40
2 61
95 73
44 63
25 93
85 99
1 94
95 30
24 30
70 26
19 66
8 64
82 71
53 29
82 88
15 66
7 83
11 25
72 93
25 72
86 42
5 7
84 96
18 56
8 45
42 83
0 26
55 18
77 35
1 50
90 25
60 53
74 33
17 17
85 65
73 42
0 41
87 46
62 16
4 25
42 13
66 86
1 13
94 13
53 66
60 58
88 79
25 79
3 38
69 63
57 31
25 47
9 32
33 13
55 29
6 37
80 96
51 75
76 16
10 26
72 83
38 95
27 12
94 22
63 23
70 72
91 52
26 39
37 28
41 50
7 46
77 98
87 67
24 28
14 42
10 5
23 23
56 0
14 51
98 36
27 72
22 62
32 36
18 65
97 45
62 50
89 91
49 34
65 88
62 19
57 87
18 45
68 48
65 48
78 13
55 24
71 71
82 31
45 57
55 77
94 91
13 67
33 90
73 79
20 11
80 87
7 21
82 52
9 25
95 36
83 70
66 82
33 86
62 61
17 86
9 81
70 25
20 83
91 56
72 34
81 98
53 6
42 4
30 54
63 74
91 46
18 57
51 62
56 12
50 11
91 44
48 42
88 80
30 15
28 16
74 52
11 38
77 37
40 26
67 97
81 77