# Team 058 large instance.
205
100
3
14
78 20
93 6
62 79
31 30
31 26
64 56
62 87
56 57
57 38
68 49
1 25
54 90
24 4
29 84
6 76
62 43
43 97
68 91
29 83
73 42
65 25
55 45
15 78
62 65
50 97
4 48
95 76
32 77
38 5
89 12
96 93
57 34
63 24
25 44
34 43
67 9
3 39
77 62
4 16
23 82
60 81
32 90
26 84
5 69
59 96
32 88
4 73
26 21
70 4
23 30
7 78
20 48
92 6
90 21
12 31
61 71
2 61
83 7
32 6
88 53
71 35
72 96
87 62
68 1
69 45
81 14
73 78
50 80
29 49
80 78
25 90
99 41
13 33
81 65
10 18
70 92
24 17
27 18
30 16
14 78
97 95
74 22
80 12
63 35
63 45
97 78
40 0
67 82
34 37
81 29
46 84
34 23
37 70
81 83
66 47
66 55
4 15
32 26
6 30
62 6
27 64
37 46
56 0
74 61
17 74
97 94
3 43
60 13
64 51
32 87
70 55
80 42
89 95
75 81
26 92
88 82
47 78
75 62
63 90
71 47
23 39
97 9
9 55
80 83
7 27
11 48
94 35
54 58
16 2
63 11
8 43
34 98
58 32
4 13
21 89
59 95
36 72
52 25
98 67
2 82
98 57
80 29
60 63
89 80
17 49
11 31
51 69
38 78
12 68
13 47
0 16
11 98
9 7
53 62
33 44
77 83
61 56
80 13
35 15
34 53
53 30
62 68
60 73
16 88
79 34
9 92
83 73
48 14
98 0
77 47
17 18
1 91
29 2
70 28
99 63
86 8
71 79
24 7
49 37
91 15
66 97
82 86
98 21
3 8
35 92
47 71
18 53
8 10
2 91
60 9
56 64
89 35
81 42
5 97
28 63
23 17
37 39
30 70
27 45
8 99
83 65
5 37
39 51
73 44
99 75