# Team 059 large instance.
200
100
3
14
62 52
46 84
17 31
47 42
45 21
63 40
5 76
52 2
63 63
4 39
27 50
74 87
52 72
56 53
39 99
60 33
5 82
99 30
70 51
81 58
98 96
22 49
46 40
94 85
49 47
99 20
19 63
82 43
65 90
88 47
3 21
26 78
46 25
49 49
83 28
33 37
55 89
2 51
39 73
66 30
55 47
0 35
83 62
15 13
93 17
0 39
48 19
34 65
17 60
23 4
37 23
82 84
49 93
81 27
30 32
79 38
30 39
96 55
25 45
25 92
11 88
79 66
60 77
1 7
13 15
81 87
27 53
97 53
62 31
28 76
53 23
7 99
35 70
28 94
29 27
81 78
9 71
66 87
85 75
20 20
90 54
9 52
53 59
38 57
58 61
31 45
33 5
30 6
90 1
77 70
74 38
79 42
92 38
10 56
31 54
37 87
91 89
78 25
75 39
72 31
7 64
50 19
49 3
80 93
68 43
21 65
18 62
78 50
91 23
23 40
55 27
67 43
40 3
11 23
87 9
40 49
76 40
7 65
23 44
40 71
72 16
42 16
79 52
59 70
33 50
46 95
33 99
40 81
91 49
12 24
62 92
31 22
5 10
57 94
81 81
94 17
0 96
66 81
15 12
87 91
1 19
77 91
65 17
0 33
78 87
68 30
54 21
10 68
13 47
47 47
60 5
60 39
38 17
84 46
52 69
68 97
53 9
0 31
56 74
43 86
0 29
42 2
75 7
7 35
20 67
1 6
96 44
88 94
80 20
22 32
9 93
94 12
70 58
67 89
3 60
3 4
26 27
89 65
45 13
59 10
83 13
31 0
57 3
38 98
54 40
79 30
6 21
72 35
24 98
7 13
84 3
28 55
42 69
29 8
80 80
45 16
12 61
31 60
9 70
39 12