# Team 060 large instance.
205
100
3
14
56 50
76 43
34 77
53 62
2 93
78 59
88 42
97 16
27 76
48 57
95 4
14 13
68 19
6 43
30 57
81 67
13 87
86 63
28 14
0 80
55 53
7 21
92 25
70 20
55 3
1 20
94 25
1 11
14 93
75 44
45 67
52 24
17 69
77 74
94 95
25 84
86 40
6 57
59 68
23 87
43 92
57 33
90 42
55 42
84 99
53 13
57 51
92 75
12 23
96 25
91 43
33 80
66 65
35 99
17 22
29 24
19 20
30 59
8 61
53 35
23 55
94 70
93 72
93 7
42 78
49 79
67 42
72 48
75 54
23 52
7 99
95 1
39 81
41 44
61 72
45 41
99 71
55 4
57 25
36 8
78 8
98 12
38 77
70 16
21 30
51 96
80 12
50 69
61 25
5 51
20 6
65 19
66 43
76 74
30 41
61 18
83 22
70 26
71 94
33 93
35 39
61 76
72 52
9 94
5 41
98 39
80 60
18 66
97 28
17 51
92 86
89 51
71 35
41 99
21 83
27 55
42 88
19 29
18 86
18 69
23 92
45 31
15 52
28 29
1 89
3 55
93 81
77 58
45 38
42 16
59 12
62 66
30 53
8 1
55 69
85 83
18 98
57 93
7 54
97 75
43 44
9 32
15 24
46 36
12 73
40 72
36 56
43 60
47 41
51 66
27 31
96 22
40 93
85 89
45 7
36 94
52 95
34 46
51 95
33 77
9 59
97 82
49 18
65 15
7 17
29 10
87 37
56 8
17 99
65 47
89 40
48 92
20 90
88 74
86 74
1 26
59 73
76 6
15 90
89 55
65 20
24 14
81 38
88 22
96 13
84 34
28 55
54 64
95 54
1 34
16 80
17 31
27 93
36 27
70 88
39 50
42 55
82 99
47 80
39 43
69 19
17 23
52 67
54 26
79 33