# Team 061 large instance.
201
100
3
14
1 5
1 8
1 12
2 5
2 8
2 12
3 5
3 8
3 12
4 5
4 8
4 12
5 5
5 8
5 12
6 5
6 8
6 12
7 5
7 8
7 12
8 5
8 8
8 12
9 5
9 8
9 12
10 5
10 8
10 12
11 5
11 8
11 12
12 5
12 8
12 12
13 5
13 8
13 12
14 5
14 8
14 12
15 5
15 8
15 12
16 5
16 8
16 12
17 5
17 8
17 12
18 5
18 8
18 12
19 5
19 8
19 12
20 5
20 8
20 12
21 5
21 8
21 12
22 5
22 8
22 12
23 5
23 8
23 12
24 5
24 8
24 12
25 5
25 8
25 12
26 5
26 8
26 12
27 5
27 8
27 12
28 5
28 8
28 12
29 5
29 8
29 12
30 5
30 8
30 12
31 5
31 8
31 12
32 5
32 8
32 12
33 5
33 8
33 12
34 5
34 8
34 12
35 5
35 8
35 12
36 5
36 8
36 12
37 5
37 8
37 12
38 5
38 8
38 12
39 5
39 8
39 12
40 5
40 8
40 12
41 5
41 8
41 12
42 5
42 8
42 12
43 5
43 8
43 12
44 5
44 8
44 12
45 5
45 8
45 12
46 5
46 8
46 12
47 5
47 8
47 12
48 5
48 8
48 12
49 5
49 8
49 12
50 5
50 8
50 12
51 5
51 8
51 12
52 5
52 8
52 12
53 5
53 8
53 12
54 5
54 8
54 12
55 5
55 8
55 12
56 5
56 8
56 12
57 5
57 8
57 12
58 5
58 8
58 12
59 5
59 8
59 12
60 5
60 8
60 12
61 5
61 8
61 12
62 5
62 8
62 12
63 5
63 8
63 12
64 5
64 8
64 12
65 5
65 8
65 12
66 5
66 8
66 12
67 5
67 8
67 12