# Team 062 large instance.
200
100
3
14
0 0
1 4
2 8
3 16
5 28
10 34
11 5
13 8
14 10
15 27
15 45
15 25
15 21
16 11
17 33
17 42
17 17
17 37
18 26
18 47
18 18
18 50
18 12
20 6
22 44
25 9
26 13
26 17
26 16
26 44
27 24
27 42
28 8
28 9
29 40
30 41
35 12
40 33
45 37
48 29
48 19
48 20
50 24
50 0
50 35
51 26
51 12
52 24
52 44
52 7
53 14
53 8
53 41
53 36
53 6
54 21
54 42
55 18
55 20
55 50
56 38
57 3
58 30
59 45
59 25
60 49
60 41
60 45
61 40
62 27
64 54
65 69
67 63
68 13
68 71
68 34
68 8
69 87
69 17
69 47
70 54
70 47
70 23
70 90
70 29
71 36
71 32
71 86
71 70
71 94
72 98
72 88
72 60
72 44
72 78
73 81
74 85
75 98
75 64
75 52
75 88
75 27
75 18
75 71
76 15
77 4
77 88
77 55
77 48
77 66
77 0
78 14
78 46
78 47
78 60
78 95
78 65
78 92
79 9
79 90
80 28
80 96
80 62
80 92
80 35
80 56
80 89
80 42
80 0
80 47
81 67
81 88
81 86
81 75
81 23
81 96
81 36
82 43
82 33
82 71
82 11
82 74
82 97
82 99
82 13
83 77
83 57
83 75
83 43
83 62
83 37
83 53
84 14
84 78
84 44
85 8
85 72
85 27
85 30
86 35
86 28
86 16
86 76
86 21
86 24
87 21
87 0
87 82
87 50
88 77
89 31
89 82
89 99
90 49
90 76
90 91
90 75
90 5
90 61
91 80
91 31
91 7
92 10
92 93
92 84
93 83
93 61
93 9
94 55
95 85
95 8
95 56
95 69
96 85
96 44
97 80
97 4
98 13
98 30
99  8