# Team 063 large instance.
200
100
3
14
0 4
0 54
1 2
1 5
2 4
2 8
3 97
3 99
4 1
4 12
5 19
5 55
6 54
6 22
7 1
7 4
8 1
8 65
9 65
9 66
10 11
10 12
11 11
11 12
12 77
12 76
13 45
13 78
14 51
14 55
15 55
15 56
16 76
16 43
17 79
17 42
18 16
18 15
19 19
19 90
20 95
20 93
21 50
21 51
22 64
22 36
23 84
23 53
24 35
24 46
25 56
25 85
26 77
26 34
27 65
27 23
28 76
28 44
29 65
29 35
30 90
30 65
31 40
31 39
32 20
32 40
33 31
33 20
34 8
34 9
35 15
35 40
36 39
36 58
37 78
37 99
38 3
38 15
39 20
39 89
40 2
40 3
41 98
41 67
42 56
42 40
43 32
43 38
44 97
44 98
45 75
45 27
46 26
46 10
47 8
47 23
48 40
48 68
49 57
49 3
50 4
50 7
51 75
51 97
52 23
52 30
53 45
53 42
54 31
54 79
55 52
55 30
56 92
56 43
57 31
57 10
58 3
58 27
59 46
59 58
60 60
60 24
61 2
61 97
62 86
62 81
63 65
63 90
64 2
64 0
65 53
65 37
66 39
66 50
67 9
67 89
68 22
68 29
69 43
69 35
70 68
70 59
71 58
71 92
72 21
72 30
73 2
73 67
74 54
74 30
75 21
75 16
76 72
76 46
77 49
77 52
78 38
78 30
79 97
79 89
80 4
80 6
81 8
81 17
82 80
82 60
83 40
83 57
84 53
84 60
85 89
85 92
86 90
86 19
87 27
87 34
88 88
88 89
89 52
89 48
90 49
90 50
91 50
91 11
92 56
92 55
93 23
93 34
94 76
94 89
95 34
95 79
96 80
96 78
97 3
97 2
98 2
98 3
99 2
99 3