# Team 064 large instance.
199
100
3
14
2 28
54 47
31 21
14 4
69 67
60 95
17 84
38 54
1 20
30 93
12 74
53 90
53 65
67 83
13 93
55 88
29 42
58 36
63 43
40 42
81 65
15 31
50 52
14 58
87 18
66 12
42 87
96 51
67 46
91 78
46 74
61 86
79 73
97 29
38 19
50 20
32 5
15 44
97 71
65 30
44 18
1 97
71 33
18 36
72 51
1 58
76 72
20 42
48 54
64 99
6 97
31 90
11 40
42 27
43 46
55 83
66 91
52 93
96 8
77 46
77 63
35 12
8 27
48 90
36 1
73 89
30 33
61 45
29 18
34 39
80 15
89 48
29 87
1 21
8 39
34 42
14 30
37 67
30 9
69 91
42 11
46 15
62 5
82 4
88 34
88 59
23 50
19 64
25 25
43 51
94 5
25 24
91 76
54 91
85 80
48 39
67 44
83 64
78 35
38 25
85 12
51 36
10 53
21 21
42 69
68 93
10 77
44 90
38 75
66 81
52 35
56 76
60 91
98 73
99 21
7 18
33 16
34 33
61 77
8 58
44 35
71 36
26 78
90 86
11 82
58 59
86 43
77 87
68 32
20 44
86 9
69 44
10 64
49 22
98 97
50 50
35 69
29 40
58 77
54 43
53 76
10 98
47 21
61 43
58 9
14 77
79 20
40 48
69 6
1 49
71 60
16 34
83 5
73 50
49 39
68 15
33 23
28 47
55 82
96 84
39 23
49 55
90 67
91 73
61 56
82 35
42 56
19 65
89 64
73 40
82 74
25 52
97 72
10 34
1 61
1 25
33 67
44 89
20 32
68 72
52 68
8 80
52 67
50 16
25 20
94 16
12 14
72 44
38 61
43 87
0 31
54 97
74 31
65 29
8 96
95 89
35 15
24 26
52 81