# Team 065 large instance.
200
100
3
14
67 59
92 58
87 71
61 52
81 85
72 27
72 36
39 88
47 16
44 63
59 82
65 61
19 73
36 89
56 37
57 66
14 95
68 75
78 43
52 88
26 23
43 39
72 20
7 19
41 51
15 32
13 35
15 96
17 5
20 86
54 42
92 26
86 95
93 88
94 32
75 83
44 22
95 6
49 73
81 80
15 25
62 12
36 11
30 59
30 4
14 81
20 97
80 26
28 89
32 71
52 19
90 3
24 67
77 48
26 73
41 37
72 79
64 11
79 94
22 69
57 36
3 65
31 81
30 61
93 74
66 2
9 78
85 79
92 94
64 50
34 46
42 93
91 43
87 70
42 47
29 13
47 6
17 2
3 67
37 14
17 11
86 28
22 89
41 5
13 53
67 33
89 97
44 10
33 74
64 52
76 81
45 57
66 34
77 64
16 94
38 27
3 5
67 8
40 33
84 88
46 49
40 42
7 39
98 68
88 67
60 93
95 60
15 6
37 37
39 64
71 14
2 33
8 49
91 65
78 10
3 71
14 71
81 36
52 9
18 41
44 78
56 43
8 24
10 85
76 94
85 42
38 22
95 28
86 89
83 72
41 11
26 56
89 39
4 35
54 39
8 17
87 51
55 46
2 10
47 97
11 77
71 9
71 82
66 95
17 56
69 57
69 2
26 31
70 10
26 49
28 13
59 28
34 93
45 38
71 2
71 66
62 63
29 60
3 41
29 69
14 50
58 59
46 39
15 88
97 75
21 83
4 21
7 47
17 15
78 98
10 64
83 79
40 53
30 85
32 15
74 85
31 77
16 25
18 31
33 50
25 46
17 8
87 39
34 88
31 34
8 23
21 51
68 80
3 63
56 72
19 62
57 55
8 16
73 51
9 15
68 64
43 74
30 89
60 35
69 47