# Team 066 large instance.
205
100
3
14
25 92
25 91
25 90
25 89
25 88
25 87
25 86
25 85
25 84
25 83
25 82
25 81
25 80
25 79
25 78
25 77
25 76
25 75
25 74
25 73
25 72
25 71
25 70
25 69
25 68
25 67
25 66
25 65
25 64
25 63
25 62
25 61
25 60
25 59
25 58
25 57
25 56
25 55
25 54
25 53
25 52
25 51
25 50
25 49
25 48
25 47
25 46
25 45
25 44
25 43
25 42
25 41
25 40
25 39
25 38
25 37
25 36
25 35
25 34
25 33
25 32
25 31
25 30
25 29
25 28
25 27
25 26
25 25
26 25
27 25
28 25
29 25
30 25
31 25
32 25
33 25
34 25
35 25
36 25
37 25
38 25
39 25
40 25
41 25
42 25
43 25
44 25
45 25
46 25
47 25
48 25
49 25
50 25
51 25
52 25
53 25
54 25
55 25
56 25
57 25
58 25
59 25
60 25
61 25
62 25
63 25
64 25
65 25
66 25
67 25
68 25
69 25
70 25
71 25
72 25
73 25
74 25
75 25
76 25
77 25
78 25
79 25
80 25
81 25
82 25
83 25
84 25
85 25
86 25
87 25
88 25
89 25
90 25
91 25
92 25
92 26
92 27
92 28
92 29
92 30
92 31
92 32
92 33
92 34
92 35
92 36
92 37
92 38
92 39
92 40
92 41
92 42
92 43
92 44
92 45
92 46
92 47
92 48
92 49
92 50
92 51
92 52
92 53
92 54
92 55
92 56
92 57
92 58
92 59
92 60
92 61
92 62
92 63
92 64
92 65
92 66
92 67
92 68
92 69
92 70
92 71
92 72
92 73
92 74
92 75
92 76
92 77
92 78
92 79
92 80
92 81
92 82
92 83
92 84
92 85
92 86
92 87
92 88
92 89
92 90
92 91
92 92
92 93
92 94
92 95