# Team 067 large instance.
200
100
3
14
54 21
34 62
76 37
49 31
32 11
56 54
52 78
56 16
93 9
73 63
4 23
4 75
65 75
23 77
68 69
42 52
56 35
25 44
78 72
58 5
48 97
97 45
64 13
86 54
10 61
38 7
38 66
31 92
45 32
41 78
20 60
98 62
52 29
92 77
2 11
95 76
20 18
42 15
18 92
77 4
24 32
86 29
12 39
69 60
90 12
98 68
47 8
91 55
49 45
63 24
44 53
9 81
94 47
42 13
43 44
59 35
99 57
43 85
52 35
90 53
64 50
12 99
7 7
6 96
0 62
31 88
49 61
52 85
34 49
12 52
74 99
93 84
27 62
25 30
77 83
9 6
34 72
42 79
36 89
14 88
66 48
73 53
37 12
92 87
47 92
37 72
83 85
17 11
12 93
62 63
69 17
55 2
50 86
80 92
41 26
97 38
65 16
67 30
41 44
86 96
33 68
1 19
76 90
54 34
33 31
23 58
97 87
21 66
20 96
51 5
87 58
31 38
91 15
21 36
84 73
11 95
0 94
51 37
28 6
41 12
45 58
60 49
99 8
65 51
82 77
12 21
14 7
5 39
66 19
28 71
91 82
71 12
81 47
25 2
21 76
68 6
87 66
81 3
79 87
27 51
75 43
68 17
97 30
9 58
66 65
55 71
75 17
91 66
22 43
76 41
38 77
20 6
47 70
75 39
72 54
97 82
52 77
59 31
77 3
82 70
38 6
53 55
53 95
52 87
47 80
74 65
12 64
58 86
57 64
30 93
83 80
60 50
13 42
23 68
35 25
29 69
20 87
16 50
6 35
52 7
17 50
60 9
31 98
48 11
68 1
91 42
6 87
91 50
58 10
35 27
62 89
54 87
98 52
30 29
77 44
22 78
28 85
41 97
57 97
21 95