# Team 068 large instance.
200
100
3
14
1	2
1	3
6	12
18	25
16	23
8	15
13	21
7	13
1	5
15	4
15	26
23	15
25	16
4	21
25	29
12	18
12	24
10	18
4	2
15	27
28	16
13	26
27	18
26	11
20	20
15	2
1	26
30	19
29	7
1	19
24	13
28	22
23	13
25	17
28	6
13	28
29	2
18	23
22	10
18	16
26	12
29	1
17	9
22	14
6	11
18	26
6	13
20	9
1	20
29	85
2	68
3	58
12	92
25	91
23	81
15	70
21	86
13	97
5	96
4	90
26	62
15	61
16	98
21	73
29	76
18	53
24	95
18	69
2	67
27	74
16	94
26	65
18	80
11	99
20	51
2	57
26	64
19	89
7	72
19	66
13	78
22	71
13	54
17	77
6	55
28	99
2	59
23	84
10	93
16	79
12	63
1	82
9	60
14	88
11	56
26	52
11	50
9	75
20	83
13	87
78	18
55	7
72	27
54	4
66	13
74	18
73	25
98	10
93	26
81	29
77	25
51	91
88	9
60	78
75	65
69	35
85	70
92	8
68	97
57	74
64	39
70	50
59	68
71	85
99	45
65	93
84	84
96	9
99	54
53	3
80	61
50	67
76	47
56	25
58	12
87	55
52	88
61	53
83	17
67	81
63	69
62	14
94	78
95	1
82	24
89	46
90	23
91	62
86	52
79	34
97	40
65	6
53	83
72	63
99	56
90	48
98	31
99	36
91	76
86	41
70	91
77	86
68	92
59	28
57	96
92	59
82	22
84	58
54	98
60	42
64	64
66	87
88	80
76	18
63	44
94	2
69	66
52	90
55	21
95	32
73	20
96	71
85	10
80	7
93	30
51	99
75	82
61	95
71	5
81	73
67	38
97	60
56	15
74	94
87	75
78	57
89	19
50	65
58	49
62	27