# Team 069 large instance.
204
100
3
14
79 79
53 76
72 77
9 79
9 13
27 25
37 49
12 22
16 46
24 9
18 16
96 65
98 48
78 84
73 78
22 39
13 12
49 13
3 5
35 15
80 96
36 33
37 56
99 39
36 25
52 46
29 5
57 49
96 61
88 44
75 60
62 88
80 65
40 89
37 36
4 98
59 11
52 83
29 4
22 24
63 9
53 12
59 24
69 84
60 79
57 25
73 40
20 81
63 46
1 82
91 66
47 40
84 86
33 68
71 57
66 68
74 30
87 50
85 1
0 0
88 4
81 94
44 34
33 50
85 5
74 99
73 92
74 83
93 91
80 39
65 17
13 97
29 75
84 81
61 85
99 79
52 97
7 94
70 19
39 81
35 39
18 39
45 58
0 5
87 40
17 6
2 7
48 76
28 51
79 9
97 5
81 16
51 47
15 65
57 95
18 69
62 65
32 11
1 51
6 9
55 32
98 3
85 30
31 42
23 23
26 73
6 26
77 56
86 92
7 13
41 92
5 78
99 15
33 84
43 43
38 43
63 68
41 42
99 2
3 45
50 74
28 18
79 86
71 35
57 8
66 1
25 77
1 3
21 79
42 39
15 49
48 84
7 3
84 56
77 61
18 47
48 68
51 65
53 63
74 53
85 56
97 9
53 64
58 37
12 35
52 4
29 18
63 96
49 85
64 81
49 57
37 83
75 92
10 30
1 79
6 87
19 16
47 27
27 20
12 71
44 38
95 77
67 53
33 89
85 37
32 48
30 26
42 87
23 99
39 52
90 61
88 18
56 69
27 57
19 65
6 19
66 40
61 16
33 83
81 62
99 23
97 37
61 46
60 58
18 30
13 32
89 57
21 27
44 31
74 32
22 8
88 17
5 58
96 50
42 62
66 76
82 13
53 24
86 14
93 63
68 81
26 32
91 38
56 33