# Team 070 large instance.
195
100
3
14
97 53
49 61
95 76
52 47
1 25
99 25
10 87
41 9
45 52
61 42
29 61
85 48
84 26
37 22
32 62
64 60
24 60
55 0
73 95
38 36
53 12
39 45
2 17
28 76
71 58
26 27
67 50
98 58
61 65
26 85
27 54
55 89
65 87
6 40
54 97
55 67
53 47
79 72
13 92
7 24
69 30
95 80
92 54
5 3
44 60
12 39
15 51
49 41
84 64
60 46
60 65
45 2
1 93
69 90
67 58
37 41
49 83
37 84
19 96
72 22
28 45
47 3
4 47
71 94
97 44
91 30
5 98
4 63
31 48
97 27
75 32
68 37
68 11
82 67
1 29
9 99
10 83
95 26
69 85
45 51
45 33
53 22
57 91
4 8
64 30
84 50
67 88
9 39
99 6
28 43
38 46
67 2
86 10
18 64
93 29
52 8
19 41
78 60
90 55
92 35
59 56
39 50
94 62
24 71
21 22
99 78
91 24
86 91
64 96
99 88
45 4
85 41
3 87
86 93
87 11
74 20
24 99
77 22
13 84
26 29
9 74
32 9
3 9
88 87
45 72
84 54
35 67
74 67
95 12
84 33
74 42
48 99
5 17
98 11
49 11
50 68
5 85
97 73
12 73
80 5
51 43
83 74
20 91
82 78
46 40
0 87
57 36
27 83
49 96
56 85
2 95
85 2
72 58
47 91
29 68
90 58
34 72
33 1
37 74
11 31
92 61
76 18
66 7
41 56
92 58
79 43
9 38
95 40
82 89
24 72
97 58
3 60
64 85
47 70
72 4
37 37
62 58
20 62
97 70
66 4
89 31
43 1
50 23
77 77
56 39
43 28
31 21
0 58
98 19
7 43
14 69
15 89
22 76
53 83
4 86