# Team 071 large instance.
200
100
3
14
1 1
5 4
10 9
20 14
16 20
21 28
6 33
27 40
12 49
16 53
7 59
23 60
14 75
5 83
19 92
1 4
5 6
10 12
20 17
16 22
21 36
6 41
27 46
12 51
16 57
7 63
23 63
14 73
5 89
19 95
31 1
48 4
51 9
41 14
51 20
39 28
35 33
47 40
34 49
42 53
59 59
52 60
38 75
45 83
34 92
48 7
51 12
41 17
51 28
39 29
35 31
47 35
34 44
42 49
59 54
52 63
38 72
45 84
34 99
61 1
75 4
89 9
74 14
78 20
86 28
64 33
81 40
73 49
71 53
83 59
61 60
83 75
77 83
81 92
77 4
92 9
77 14
79 20
82 28
67 33
80 40
72 50
75 53
82 59
64 60
81 75
76 83
80 95
90 5
90 10
90 13
90 17
90 23
90 27
90 29
90 33
90 38
90 42
90 47
90 52
90 57
90 64
90 69
90 78
90 80
90 85
90 90
90 95
91 10
91 15
91 20
91 25
91 30
91 35
91 40
91 45
91 50
91 55
91 60
91 65
91 70
91 75
91 80
91 85
91 90
91 92
91 97
92 5
92 10
92 13
92 17
92 23
92 27
92 29
92 33
92 38
92 42
92 47
92 52
92 57
92 64
92 69
92 78
92 80
92 85
92 90
92 95
94 5
94 10
94 13
94 17
94 23
94 27
94 29
94 33
94 38
94 42
94 47
94 57
94 64
94 69
94 78
94 80
94 85
94 90
94 95
96 5
96 10
96 13
96 17
96 23
96 27
96 29
96 33
96 38
96 42
96 47
96 52
96 57
96 64
96 69
96 78
96 80
96 85
96 90
96 95
98 10
98 17
98 23
98 27
98 33
98 42
98 47
98 57
98 64
98 78
98 80
98 85
98 90
98 91