# Team 072 large instance.
200
100
3
14
19 18
62 1
47 83
54 23
75 42
87 56
48 25
34 77
30 29
41 38
34 69
85 98
54 40
51 75
28 78
84 36
32 37
34 50
30 13
55 43
6 43
31 25
49 6
52 96
92 72
18 63
53 33
14 63
54 13
11 98
27 80
94 77
85 12
14 11
53 7
76 60
87 69
9 80
36 49
17 18
72 84
35 3
68 87
19 62
81 20
31 50
34 52
61 74
28 49
51 82
99 3
41 37
1 86
34 8
84 30
75 20
30 7
53 66
16 26
95 59
12 29
71 40
15 51
10 16
98 98
99 22
36 77
55 85
90 91
69 62
14 93
21 61
71 77
28 27
90 19
92 71
9 16
93 84
23 27
67 19
39 62
49 30
14 22
67 56
21 92
28 43
68 85
63 54
38 78
88 96
4 36
77 35
71 5
19 22
74 73
27 25
49 29
41 82
91 8
91 96
61 88
90 42
21 4
65 53
23 82
39 6
60 81
8 55
77 70
44 42
66 97
77 67
40 57
38 48
16 68
70 79
6 52
82 78
59 12
17 37
44 40
6 73
51 24
48 90
91 60
20 49
25 36
84 31
8 25
78 9
33 42
23 45
65 51
41 22
52 30
2 17
24 12
10 64
27 43
90 96
92 14
98 26
33 69
38 10
41 13
18 86
89 25
42 33
51 54
39 13
29 26
90 17
28 1
5 81
69 45
73 67
96 32
11 81
45 64
40 16
63 96
80 88
50 84
88 61
87 86
13 47
51 42
69 63
48 95
28 77
85 53
95 70
44 16
91 0
81 24
71 47
50 25
18 68
65 57
13 89
46 19
20 52
87 45
63 16
3 48
22 36
82 94
80 96
92 74
98 35
36 8
78 43
55 5
18 74
36 45
9 26
55 0
97 52
29 63
2 38