# Team 073 large instance.
200
100
3
14
98 24
3 67
45 3
35 4
54 16
44 15
67 57
59 24
74 9
55 14
25 82
90 16
29 53
54 85
2 52
90 31
9 34
63 34
67 51
9 29
3 48
53 51
18 23
52 83
79 73
45 25
47 91
31 11
10 59
2 62
82 24
43 41
28 97
17 61
48 2
65 75
34 31
75 84
84 51
78 41
36 42
43 84
97 56
65 94
64 44
28 15
62 69
36 45
29 92
14 3
2 65
7 44
67 76
49 52
63 43
18 88
22 66
51 2
59 47
33 42
95 46
78 84
51 51
62 89
73 85
17 26
28 51
47 34
90 71
56 25
0 57
6 67
46 42
97 8
60 38
90 58
22 92
55 0
34 82
96 22
78 89
59 81
46 40
37 11
89 95
99 42
76 27
75 94
0 93
7 13
73 30
33 67
28 58
86 97
23 11
92 77
13 99
45 29
85 10
34 41
63 62
49 56
13 78
94 60
57 88
28 83
7 49
35 76
97 4
29 54
25 32
24 75
22 47
46 84
12 41
4 62
16 72
93 99
7 1
95 80
79 59
85 59
29 50
66 78
51 22
98 90
59 30
92 33
84 81
57 64
95 36
2 98
29 70
17 7
58 94
89 46
6 63
88 99
13 38
15 36
26 23
2 15
51 0
56 95
33 17
72 38
79 22
99 32
28 3
2 47
75 71
99 92
21 59
98 61
30 24
6 93
79 82
31 15
53 54
31 94
51 49
72 55
90 97
14 70
50 55
36 79
0 94
53 39
27 97
63 69
90 32
0 91
39 31
96 38
51 28
91 47
16 32
11 48
8 66
61 2
75 46
29 26
65 83
2 31
76 25
72 67
89 14
45 91
97 70
46 30
57 25
61 16
81 71
19 35
33 62
44 93
55 17
73 0
8 5
22 93