# Team 074 large instance.
203
100
3
14
28 83
26 59
18 35
28 73
26 53
1 75
24 84
93 56
73 16
2 59
67 26
69 26
58 91
38 17
38 4
27 50
28 17
12 53
27 46
83 17
67 24
52 96
27 16
86 26
58 29
96 37
92 53
17 38
11 53
27 95
63 27
84 26
58 93
57 0
47 58
29 81
73 12
42 85
38 27
63 92
86 39
59 37
26 96
95 26
85 36
12 89
9 53
26 8
27 36
96 24
75 36
28 93
26 97
56 25
85 37
96 47
36 25
17 62
85 16
37 25
85 26
96 48
62 15
3 9
27 4
12 94
39 26
85 71
86 49
97 37
26 17
85 3
38 28
5 27
95 1
96 26
37 84
26 94
27 65
95 2
68 26
85 70
11 84
95 31
56 95
24 71
49 86
46 51
86 46
58 26
95 46
15 74
39 91
1 74
95 3
28 16
58 96
38 1
96 3
82 7
92 71
59 30
61 84
28 85
27 62
50 38
28 0
59 35
29 17
85 0
19 95
27 61
5 92
17 26
95 9
28 1
95 32
26 16
95 93
27 56
96 22
56 73
86 57
36 2
86 73
96 36
85 39
60 3
28 7
96 4
39 27
96 1
38 2
95 24
91 8
53 72
56 86
93 27
74 95
49 24
10 42
53 71
90 25
68 27
93 64
28 20
95 71
27 11
95 33
7 82
73 84
35 26
95 34
29 8
53 26
53 93
27 38
29 2
94 72
17 49
64 28
95 30
16 83
1 35
28 6
19 4
92 65
62 82
95 38
28 12
95 37
96 33
85 1
96 43
36 82
53 1
47 82
19 43
27 99
95 54
92 17
53 0
96 38
58 92
17 85
93 26
85 99
63 72
48 93
17 58
96 30
82 57
28 5
74 83
95 75
28 95
2 82
74 58
28 89
94 5
47 26
58 73
92 4