# Team 075 large instance.
201
100
3
14
24 56
19 58
33 60
21 45
30 46
29 49
22 57
12 54
34 54
16 53
32 54
17 60
12 61
35 55
35 54
18 46
19 54
28 59
15 55
20 68
23 63
36 54
35 49
28 44
14 59
30 48
28 48
31 47
23 60
20 59
30 62
33 63
17 65
27 57
36 61
34 57
33 65
13 55
31 53
20 66
23 61
31 48
19 47
33 46
17 44
23 47
31 57
13 63
12 55
18 63
17 66
25 68
15 65
22 48
25 61
29 54
14 61
19 57
28 63
25 57
37 58
32 46
36 56
19 66
15 56
11 54
15 52
21 62
37 60
14 64
23 64
19 48
29 64
28 61
23 49
30 55
25 56
21 66
20 63
33 50
11 52
31 44
16 51
19 64
26 54
27 55
26 67
19 51
20 44
27 66
18 62
12 50
25 46
21 61
16 52
28 56
27 64
16 65
27 45
36 60
29 53
26 52
17 58
16 58
30 51
34 64
13 64
36 51
31 45
23 56
24 61
27 47
12 63
27 60
29 51
23 50
31 58
25 55
34 60
32 52
17 63
11 57
32 67
37 54
35 61
29 48
28 58
25 63
34 56
25 44
20 55
21 53
27 44
33 48
26 65
23 53
26 48
21 55
28 50
21 52
31 64
24 55
24 53
34 62
23 62
14 50
31 63
25 67
19 68
16 49
13 53
30 54
13 52
14 53
12 52
14 49
30 67
20 57
34 65
33 57
18 61
35 53
24 67
28 47
29 59
24 44
34 52
12 60
17 45
13 59
29 50
21 57
22 56
19 67
34 58
15 53
16 62
26 61
35 52
11 51
24 57
26 59
27 68
19 61
25 53
12 56
29 55
23 54
17 51
31 66
26 58
36 57
12 51
21 59
30 53
30 47
21 46
23 65
24 69
22 65
22 64