# Team 076 large instance.
200
100
3
14
36 71
48 54
21 37
48 63
75 26
21 64
95 13
4 2
95 22
2 50
88 1
25 52
51 64
67 27
4 87
68 13
3 42
90 10
55 70
77 76
29 54
9 85
85 43
22 5
73 87
85 52
45 25
95 93
96 76
90 5
79 14
35 78
79 23
59 63
63 24
92 69
10 8
21 54
44 19
19 93
54 60
37 7
39 89
43 50
89 17
13 55
16 51
35 64
47 29
40 8
82 23
21 40
2 8
93 37
0 93
23 67
74 60
32 54
14 18
32 63
4 81
45 91
47 42
82 9
68 83
9 52
58 66
61 62
30 65
43 22
1 43
55 23
65 55
13 63
99 66
16 59
92 27
9 20
9 47
42 53
58 79
82 98
74 23
66 28
86 6
36 5
37 77
45 99
26 76
50 43
62 8
18 81
73 26
82 93
73 53
23 43
53 62
43 39
1 42
37 72
9 1
68 59
77 46
7 67
8 41
29 91
73 39
30 68
12 29
94 80
91 93
95 54
44 79
35 21
88 24
95 72
76 49
88 51
69 19
69 28
67 95
27 31
40 86
83 75
41 69
88 37
76 44
56 75
38 36
61 10
7 39
61 19
18 48
79 64
42 33
83 34
63 65
82 78
11 36
91 65
40 90
41 73
52 73
25 56
56 43
22 50
34 61
37 57
98 45
98 54
18 34
58 27
50 23
70 90
91 33
70 99
39 13
12 14
4 28
22 36
34 47
46 12
10 89
38 8
13 91
30 3
36 83
94 24
29 62
71 77
0 35
41 36
40 80
44 41
62 86
64 28
33 59
49 30
50 4
61 13
79 49
5 72
21 44
28 92
58 93
95 2
45 1
73 81
45 10
44 45
10 61
25 59
86 38
46 11
32 76
1 88
26 32
79 35
8 2
55 86