# Team 077 large instance.
196
100
3
14
35 82
64 97
15 37
42 59
65 85
94 36
71 89
22 39
58 55
51 41
76 88
2 11
6 36
52 36
15 78
74 97
54 50
23 63
1 27
4 69
4 10
55 27
52 11
61 14
56 46
90 88
98 91
24 31
52 45
20 32
85 69
75 71
98 43
42 46
11 50
45 24
10 92
67 16
14 35
67 80
95 47
10 38
73 22
27 96
53 32
59 90
44 66
17 33
34 14
17 54
11 34
91 34
30 84
51 64
50 67
24 98
9 44
82 81
48 50
2 65
31 32
36 30
6 78
29 72
55 90
79 12
96 87
33 89
92 27
50 99
57 94
72 13
42 70
42 58
0 95
48 66
12 36
29 93
93 39
95 82
69 82
57 52
93 35
62 53
90 20
94 12
80 85
82 6
90 9
18 50
54 94
52 95
11 42
30 91
92 74
84 66
45 0
13 24
78 51
51 37
53 88
98 34
81 64
43 76
67 12
60 60
58 26
10 74
53 95
44 80
25 13
74 70
50 33
60 25
77 30
3 51
13 13
74 47
31 59
90 78
38 6
39 24
44 10
78 70
8 22
6 22
20 10
21 56
63 53
83 89
42 53
45 37
57 66
69 5
92 85
86 98
47 45
86 47
17 72
83 65
13 97
11 66
73 37
78 57
3 10
14 28
91 23
67 51
29 18
70 79
61 68
0 31
58 82
61 66
21 65
46 2
90 45
21 39
78 19
2 49
76 52
30 15
62 35
12 50
87 75
6 70
7 26
75 55
77 38
89 17
36 3
36 10
37 87
94 94
10 65
32 30
59 27
87 84
45 64
98 51
93 76
98 53
59 25
54 31
80 28
28 50
43 57
3 18
53 86
1 66
8 54
76 30
73 62
58 98
30 52
81 62