# Team 078 large instance.
204
100
3
14
36 74
85 60
4 82
33 93
34 99
44 53
18 2
53 72
57 71
2 22
51 14
10 1
78 20
54 29
58 8
60 69
53 54
25 14
73 97
71 6
58 36
67 3
29 58
6 18
3 49
43 49
31 20
54 52
33 71
59 8
30 66
73 28
90 8
63 54
45 42
48 93
36 10
96 69
63 4
94 15
69 82
55 71
79 56
40 57
95 30
8 91
13 18
95 49
9 96
76 1
95 13
29 95
77 8
62 85
91 23
92 72
72 60
96 43
91 27
70 5
82 52
56 27
1 85
96 73
67 67
35 70
54 32
28 31
16 79
65 99
76 91
50 78
35 50
57 16
58 12
25 65
77 98
26 62
32 28
27 37
12 53
69 25
60 21
0 85
28 56
0 89
58 49
34 9
97 40
99 84
26 15
61 75
13 49
61 27
31 14
42 10
77 75
4 13
70 41
62 41
83 31
86 4
95 29
79 47
49 83
96 12
99 55
40 54
95 18
95 39
37 17
70 15
2 10
53 22
27 75
61 61
69 76
1 37
54 35
9 74
2 37
10 24
85 80
81 72
71 24
85 17
43 3
9 40
26 68
24 48
18 92
45 91
36 5
61 90
44 82
83 45
62 55
81 91
62 82
3 73
87 3
66 36
19 42
42 14
65 82
6 60
39 38
16 45
14 49
86 64
47 60
67 99
88 83
83 22
31 82
22 88
93 38
40 32
84 16
99 52
42 64
31 0
87 51
30 94
9 48
60 3
9 89
95 58
19 72
19 48
7 73
80 31
58 97
76 44
97 12
76 13
45 20
50 0
5 83
71 68
51 75
80 21
84 27
15 93
59 59
41 67
91 35
76 9
18 7
41 16
73 86
88 5
88 7
62 38
36 79
93 31
12 58
57 99
89 7
47 16
0 43
91 91
41 84
37 79