# Team 080 large instance.
205
100
3
14
41 61
62 56
45 59
41 68
55 72
55 68
42 57
57 50
54 73
53 74
53 71
59 50
61 53
53 69
40 63
39 58
45 62
52 66
57 52
54 55
56 53
52 70
52 71
48 67
42 65
42 64
58 54
40 62
45 58
55 73
58 60
56 68
63 51
52 75
57 51
61 52
57 71
62 55
55 75
66 54
54 76
57 53
45 63
62 53
58 74
54 72
52 69
60 53
51 77
57 70
60 74
38 58
40 65
43 60
56 66
58 53
54 70
59 53
53 77
49 70
39 66
49 77
40 66
35 65
44 60
44 65
39 59
39 62
58 67
57 57
54 60
59 49
36 67
64 48
55 74
51 67
57 55
39 63
51 71
51 72
62 49
35 66
59 59
37 61
56 70
45 64
59 76
53 70
58 47
56 51
55 56
38 63
40 69
60 75
39 71
61 50
58 55
51 74
44 64
53 76
56 56
39 68
31 66
51 73
56 72
63 57
57 54
45 69
45 65
61 56
43 66
47 61
55 70
53 73
42 67
67 57
61 54
33 60
57 69
56 54
50 72
60 55
49 67
52 77
54 74
44 63
37 63
41 57
55 54
46 65
63 55
51 76
56 69
41 62
49 72
63 54
59 75
55 57
60 67
46 62
63 56
52 72
47 73
59 56
57 59
53 67
42 63
53 56
41 73
61 46
54 58
61 66
56 55
42 66
34 66
41 67
56 74
60 57
57 56
55 52
39 70
49 73
53 75
59 54
59 52
56 71
41 59
57 49
58 57
40 68
35 62
40 59
41 63
59 70
56 52
62 52
50 74
44 70
37 71
37 59
55 55
39 61
52 73
60 50
38 69
38 71
49 75
52 76
66 58
61 57
56 57
48 74
50 75
49 65
51 60
66 55
42 61
40 64
58 70
49 76
60 52
54 69
57 58
54 57
52 65