# Team 081 large instance.
204
100
3
14
14 92
48 22
21 98
59 66
20 92
34 64
10 69
48 17
77 50
35 7
2 24
88 59
19 5
49 37
3 78
59 18
88 21
68 33
36 7
86 79
82 58
7 70
28 87
58 57
44 52
99 75
53 87
11 42
34 32
30 33
34 76
56 86
20 72
22 3
70 58
39 49
16 96
48 90
58 98
3 83
20 91
5 65
2 21
81 97
43 97
65 58
32 13
36 74
72 54
63 65
48 92
9 3
5 87
49 85
87 50
86 44
27 83
27 35
81 41
48 49
80 46
16 98
73 93
69 77
69 49
70 21
36 18
24 59
80 57
74 89
1 48
76 26
35 42
57 82
53 64
85 82
58 76
54 95
13 89
11 77
19 26
2 93
2 5
9 21
13 82
15 19
91 29
10 54
28 17
3 31
99 89
43 61
71 98
11 14
79 75
88 57
42 60
15 92
48 5
78 45
88 22
69 35
31 42
80 11
44 63
45 74
34 85
28 53
71 59
41 14
42 97
66 73
95 90
39 57
93 83
34 79
13 30
40 29
33 58
29 63
69 79
91 49
82 34
67 48
15 54
52 95
4 99
85 5
36 43
45 90
85 43
92 71
3 13
80 85
7 73
59 99
36 42
28 80
66 74
55 54
68 17
15 61
29 73
24 78
2 50
95 96
70 7
50 51
62 65
85 71
53 85
43 38
36 85
88 95
77 81
73 25
7 55
87 26
2 66
48 59
75 26
0 51
32 41
42 84
43 89
23 79
38 38
63 18
40 97
36 37
16 34
68 54
9 69
70 25
53 37
72 0
82 86
72 89
11 89
28 10
49 93
90 4
5 72
19 58
44 35
88 11
68 48
91 38
28 40
84 68
95 13
46 35
15 46
87 21
90 53
91 91
70 32
25 6
52 37
91 90
28 66
94 88
47 60
58 78