# Team 082 large instance.
197
100
3
14
74 25
56 80
97 37
69 82
62 79
14 42
61 15
98 86
82 89
66 64
96 39
0 49
84 50
36 62
81 69
37 2
56 27
84 84
19 12
53 78
92 16
66 94
69 71
24 2
67 20
1 99
10 5
0 36
88 40
80 13
98 17
33 46
2 51
38 88
14 32
89 30
86 30
32 55
40 73
48 85
47 45
46 75
85 86
78 11
16 47
30 90
26 21
20 32
35 86
14 36
48 61
22 85
30 29
88 3
77 21
16 2
62 73
68 93
84 45
11 72
88 91
28 93
23 90
96 17
69 3
61 45
78 31
60 53
68 73
55 13
28 75
38 94
81 53
87 90
9 99
85 46
38 92
78 24
94 5
49 3
96 80
84 70
90 97
74 91
71 3
6 26
20 98
41 17
13 69
77 6
24 24
67 36
73 26
59 97
68 78
90 2
16 40
38 69
74 8
56 62
42 33
52 88
68 1
96 35
90 8
88 14
83 13
58 41
90 4
16 44
78 97
50 84
91 54
26 24
3 11
20 7
99 25
66 73
15 38
78 62
50 28
86 48
61 66
52 48
18 98
91 88
8 49
32 96
14 45
1 12
97 58
97 59
50 56
85 33
94 62
6 36
45 18
61 41
81 32
97 63
72 3
83 63
78 68
70 6
8 50
33 53
4 55
38 53
36 54
54 36
71 82
17 80
42 62
16 66
50 18
34 64
74 44
40 1
30 70
67 30
7 62
95 13
10 48
95 39
70 8
54 37
33 43
31 94
67 47
90 81
45 58
54 94
47 28
4 63
63 38
6 76
8 89
12 97
47 13
66 15
57 40
32 48
80 96
93 9
10 93
82 76
62 42
66 91
67 86
99 11
67 88
34 19
95 86
64 92
65 61
69 60
66 18