# Team 083 large instance.
199
100
3
14
52 40
35 88
35 33
81 94
45 74
44 54
27 13
92 15
2 57
76 6
58 86
97 56
87 55
49 80
99 29
35 90
18 19
90 90
25 98
79 99
31 22
0 53
38 46
5 30
83 32
49 73
72 13
90 92
65 38
54 72
56 69
45 14
88 49
51 41
25 54
9 12
68 61
32 7
24 58
37 92
96 19
29 63
69 99
39 3
79 85
18 23
1 37
82 90
31 17
74 52
37 67
39 85
10 58
83 9
77 87
14 83
75 69
80 83
66 66
74 79
3 92
15 57
83 91
52 21
57 72
75 32
90 23
98 91
99 90
93 49
10 42
47 61
68 38
93 67
69 67
51 70
96 5
69 21
44 65
25 6
30 20
44 19
81 68
33 83
73 18
79 98
6 22
58 5
46 49
74 65
11 61
52 71
98 4
50 83
52 25
80 41
65 74
50 37
17 89
26 70
36 47
31 60
40 8
29 81
92 64
32 43
74 58
76 55
86 32
96 64
86 96
87 95
52 18
70 88
90 2
96 82
24 75
82 62
16 71
62 4
40 65
76 94
93 55
23 3
29 92
59 8
23 85
96 2
89 85
25 49
53 95
81 56
7 52
79 13
74 81
44 89
49 15
94 47
37 68
24 98
33 46
1 41
67 23
93 5
35 52
95 39
41 13
44 64
53 97
10 7
98 10
44 73
30 19
68 3
51 17
55 48
83 31
51 26
97 11
89 7
13 36
64 17
87 19
56 86
47 28
94 88
38 65
6 60
46 23
41 91
15 72
18 77
48 41
70 23
28 72
36 85
88 68
28 81
54 45
92 93
93 36
28 44
9 95
13 31
15 92
28 1
36 69
42 0
98 62
36 78
94 10
29 39
92 22
22 97
92 95
46 73
65 86
41 95
24 24