# Team 084 large instance.
200
100
3
14
52 92
13 82
64 95
32 11
0 57
19 21
49 76
45 70
63 96
90 82
18 13
42 65
85 65
73 30
63 40
51 7
21 26
81 67
64 19
64 12
23 68
96 11
55 61
24 31
2 97
13 2
93 64
67 89
6 29
11 76
80 23
34 52
3 23
70 41
69 68
91 83
22 5
29 4
63 82
36 92
27 48
38 59
95 28
79 67
36 63
89 51
90 81
17 56
31 6
77 77
70 84
34 36
33 76
32 85
33 68
0 40
73 67
35 88
79 37
43 81
8 35
19 63
66 10
85 3
45 10
21 97
67 14
33 99
83 88
53 86
97 35
37 11
37 72
8 99
66 42
28 86
67 7
39 55
41 90
58 5
16 0
0 36
92 23
91 46
82 55
78 95
46 29
42 10
24 28
26 61
54 47
42 77
59 36
55 34
89 36
22 84
16 45
90 7
46 16
46 24
79 32
62 7
36 96
98 52
55 15
9 16
59 20
63 93
18 56
61 98
3 49
19 67
35 95
97 40
33 44
42 58
90 0
11 30
6 99
60 23
76 67
26 62
25 32
35 64
18 49
44 45
98 65
55 14
97 84
70 26
35 43
9 40
51 17
20 18
54 56
18 69
57 94
27 47
80 91
41 8
0 19
70 60
49 7
5 81
47 55
56 46
21 73
45 18
95 22
8 2
59 85
36 53
23 88
59 38
7 86
37 88
27 67
80 16
48 52
57 31
48 46
26 42
66 72
8 28
75 4
36 83
14 40
58 61
13 45
42 66
18 98
59 22
65 15
40 60
11 3
65 71
8 95
39 33
56 24
54 59
36 24
75 27
94 22
15 87
48 33
8 17
96 32
13 87
11 5
3 96
51 41
46 1
77 57
45 32
73 69
65 1
57 97
36 45
75 80
47 5