# Team 085 large instance.
200
100
3
14
87 7
1 40
15 39
17 67
5 10
62 99
93 13
8 73
99 8
58 22
28 21
49 53
2 11
28 94
80 38
15 14
58 49
42 41
34 67
22 19
93 70
34 85
6 41
28 23
12 91
75 74
24 1
84 52
46 13
38 64
69 42
18 3
72 68
10 29
62 67
59 50
25 27
39 74
24 37
34 5
5 60
42 61
29 27
83 7
0 0
63 38
40 36
94 16
85 77
92 92
25 29
93 47
44 97
65 40
18 87
31 17
34 16
45 16
92 67
93 74
74 70
41 67
95 47
77 96
60 89
59 36
16 10
89 58
44 35
27 58
66 41
83 57
29 86
31 83
66 50
86 83
3 76
80 76
64 43
70 38
27 42
81 77
82 76
45 2
37 53
34 2
73 91
74 56
61 1
67 17
41 62
43 4
41 25
70 95
98 22
1 16
82 14
85 31
83 43
48 85
3 62
20 23
76 55
49 38
87 22
31 96
59 24
99 5
71 53
0 11
74 88
76 94
76 39
68 44
75 4
32 63
27 12
7 43
21 42
70 90
44 71
88 16
65 87
38 70
54 2
37 50
68 83
30 99
15 22
31 73
26 95
38 42
52 4
78 32
54 32
42 12
24 61
47 26
64 42
28 77
56 38
88 18
90 15
79 15
93 41
32 22
76 34
65 34
57 94
97 75
86 75
69 4
77 72
96 52
50 64
40 96
55 78
47 19
0 63
25 62
96 79
45 40
68 69
77 47
17 97
20 59
74 39
92 54
33 32
41 45
69 61
15 26
68 96
64 19
61 2
84 34
73 31
10 57
65 11
83 81
67 48
69 45
23 66
12 66
24 31
41 56
16 91
56 72
26 46
37 13
59 80
55 91
51 69
9 15
93 29
12 96
48 70
94 37
9 33
46 82