# Team 086 large instance.
203
100
3
14
70	49
66	68
81	73
34	94
94	67
34	88
82	41
31	78
56	81
92	69
29	27
6	42
72	61
49	12
63	5
86	13
20	62
32	52
8	5
3	24
40	87
47	30
92	23
38	33
37	23
74	33
6	98
44	50
87	83
8	6
80	89
98	92
59	86
6	91
14	18
24	96
51	51
81	91
42	99
25	84
61	77
2	66
39	68
60	7
53	70
62	57
56	86
45	25
31	94
69	8
29	54
37	21
83	10
86	18
42	23
85	7
59	55
45	96
23	42
31	42
43	69
32	15
95	33
55	24
5	50
89	97
3	37
72	8
89	91
82	75
58	43
15	97
3	91
68	37
11	84
99	7
21	43
90	9
15	92
36	94
29	67
61	57
41	14
44	26
39	95
33	21
36	58
83	47
93	62
67	87
25	71
33	48
33	29
80	19
84	75
38	83
32	32
94	49
84	76
66	67
41	26
99	10
41	48
52	93
58	32
43	51
41	18
40	37
58	97
22	84
9	86
38	12
82	72
5	93
24	93
78	83
41	71
76	33
13	30
37	92
39	3
5	23
75	86
70	67
80	49
69	25
46	96
65	84
17	41
34	36
68	49
40	36
94	70
88	84
70	89
13	76
79	56
87	73
80	5
52	30
90	32
79	27
79	2
66	54
93	5
68	73
5	8
78	37
37	58
63	91
22	49
5	99
53	7
61	55
45	92
76	15
80	29
65	38
67	95
54	70
97	50
50	93
58	49
19	21
28	8
4	20
86	3
47	68
43	33
35	27
25	37
24	89
36	47
58	9
93	59
75	74
98	67
4	44
31	6
74	88
63	72
59	53
43	59
4	72
18	43
31	21
94	92
82	54
69	73
90	33
31	86
77	11
91	40
96	56
60	73
4	57
34	79
72	97
10	50
92	35
44	36
47	37
97	3