# Team 087 large instance.
198
100
3
14
6 48
4 71
49 47
30 83
82 11
95 9
91 85
14 11
6 76
11 9
21 64
97 67
31 21
7 19
15 49
68 52
78 16
24 12
20 47
26 88
41 56
25 55
59 83
17 7
18 29
91 33
20 77
89 87
83 72
2 99
22 34
65 60
20 71
53 39
89 23
92 14
14 68
81 23
1 9
59 22
73 28
95 78
90 46
99 7
28 50
55 28
31 25
89 14
24 42
44 46
93 74
38 29
61 51
10 12
39 87
31 94
99 36
64 11
42 0
75 85
37 61
48 66
79 11
22 7
54 87
92 58
17 33
99 97
4 87
73 10
98 79
80 3
20 42
91 68
45 43
80 33
92 1
24 83
66 35
88 50
23 1
29 56
62 10
39 38
86 39
63 78
22 44
77 15
26 60
96 88
97 35
48 57
53 15
72 15
95 66
8 73
20 41
70 91
28 51
1 76
80 7
32 35
41 69
72 78
26 77
9 59
80 19
19 1
37 85
64 72
16 7
13 10
24 20
35 81
8 30
25 87
83 74
85 38
65 77
61 17
64 43
71 79
76 63
71 24
50 6
8 37
56 83
97 27
50 36
81 94
54 20
35 24
74 61
83 58
8 70
57 34
56 13
12 24
32 85
98 48
30 31
33 6
16 55
92 67
4 95
27 58
67 85
80 73
0 22
84 47
24 32
26 50
32 69
78 33
12 30
39 94
62 20
58 35
95 91
63 1
24 4
16 4
98 35
83 18
2 21
33 47
50 70
49 46
29 67
87 73
12 43
69 32
51 54
95 19
73 43
20 31
42 26
74 2
61 37
37 28
87 0
76 83
82 34
45 76
57 89
13 90
54 25
96 50
12 13
21 26
64 33
72 59
3 14
16 33
61 4
96 62
2 87
20 82