# Team 088 large instance.
200
100
3
14
66 3
75 32
30 36
65 30
35 33
79 35
43 41
90 0
71 5
65 53
29 26
68 5
88 43
9 90
44 28
17 40
80 49
27 86
7 72
2 34
9 48
83 2
17 60
36 17
98 30
15 11
74 77
62 40
76 16
94 24
61 20
32 89
8 46
9 18
71 94
61 57
74 27
5 76
30 69
6 2
2 73
23 81
88 61
74 90
69 78
10 8
35 91
62 55
73 60
73 92
55 21
59 68
51 68
82 55
49 54
45 39
41 5
13 60
47 40
35 71
73 81
79 97
40 35
5 15
94 12
36 32
76 46
13 24
62 6
75 66
80 37
53 76
74 81
18 20
77 61
39 31
83 22
29 7
5 96
92 38
65 83
38 46
65 13
21 2
54 73
86 75
3 0
97 98
18 72
19 24
58 28
33 32
35 42
98 20
75 19
12 30
96 81
32 31
19 28
74 4
54 35
52 70
66 74
89 39
91 46
40 68
36 97
11 41
18 40
77 70
32 40
93 3
19 5
58 95
8 81
51 49
63 18
70 89
17 20
77 74
52 96
19 52
19 2
71 60
41 57
88 67
11 84
3 31
39 50
33 29
56 44
8 49
65 73
99 23
71 46
14 97
98 93
4 6
81 32
86 53
12 20
20 44
65 29
82 22
17 46
71 96
0 13
74 19
95 78
34 75
68 94
15 36
28 64
95 24
49 48
69 59
56 52
35 38
91 74
1 95
3 94
39 65
33 94
34 36
73 95
9 1
45 95
7 4
56 97
26 4
4 63
6 19
23 21
8 50
54 95
16 67
8 9
37 1
35 9
40 46
64 90
64 62
26 26
65 80
51 38
42 6
45 9
53 43
4 27
33 85
52 61
25 93
19 50
21 98
80 50
6 25
99 92
64 6
97 54
37 78