# Team 089 large instance.
205
100
3
14
0 0
0 49
0 98
1 47
1 96
2 45
2 94
3 43
3 92
4 41
4 90
5 39
5 88
6 37
6 86
7 35
7 84
8 33
8 82
9 31
9 80
10 29
10 78
11 27
11 76
12 25
12 74
13 23
13 72
14 21
14 70
15 19
15 68
16 17
16 66
17 15
17 64
18 13
18 62
19 11
19 60
20 9
20 58
21 7
21 56
22 5
22 54
23 3
23 52
24 1
24 50
24 99
25 48
25 97
26 46
26 95
27 44
27 93
28 42
28 91
29 40
29 89
30 38
30 87
31 36
31 85
32 34
32 83
33 32
33 81
34 30
34 79
35 28
35 77
36 26
36 75
37 24
37 73
38 22
38 71
39 20
39 69
40 18
40 67
41 16
41 65
42 14
42 63
43 12
43 61
44 10
44 59
45 8
45 57
46 6
46 55
47 4
47 53
48 2
48 51
49 0
49 49
49 98
50 47
50 96
51 45
51 94
52 43
52 92
53 41
53 90
54 39
54 88
55 37
55 86
56 35
56 84
57 33
57 82
58 31
58 80
59 29
59 78
60 27
60 76
61 25
61 74
62 23
62 72
63 21
63 70
64 19
64 68
65 17
65 66
66 15
66 64
67 13
67 62
68 11
68 60
69 9
69 58
70 7
70 56
71 5
71 54
72 3
72 52
73 1
73 50
73 99
74 48
74 97
75 46
75 95
76 44
76 93
77 42
77 91
78 40
78 89
79 38
79 87
80 36
80 85
81 34
81 83
82 32
82 81
83 30
83 79
84 28
84 77
85 26
85 75
86 24
86 73
87 22
87 71
88 20
88 69
89 18
89 67
90 16
90 65
91 14
91 63
92 12
92 61
93 10
93 59
94 8
94 57
95 6
95 55
96 4
96 53
97 2
97 51
98 0
98 49
98 98
99 47
99 96