# Team 090 large instance.
200
100
3
14
55 21
19 10
93 49
30 45
89 91
42 45
58 68
44 87
25 14
55 8
58 55
44 22
55 24
49 24
89 23
86 32
83 91
8 54
38 95
67 66
52 14
21 78
71 54
16 99
63 62
74 55
90 67
13 10
34 8
40 83
18 8
52 48
6 29
83 22
15 73
59 10
43 2
36 26
25 60
96 23
14 76
23 49
48 28
44 79
39 95
48 40
56 54
93 94
48 49
78 72
35 4
9 76
45 89
66 76
76 52
34 29
93 10
77 66
74 78
14 45
62 6
21 98
4 11
63 46
12 85
64 39
15 82
61 21
61 41
62 75
45 15
34 1
9 78
2 3
29 89
81 18
81 80
28 88
1 2
23 67
85 13
16 22
67 83
97 65
10 70
78 41
5 48
59 76
67 24
28 63
5 55
95 93
11 80
15 24
40 14
20 37
48 48
37 41
16 90
87 67
66 14
15 72
68 18
67 80
50 48
63 25
79 39
25 61
83 8
61 17
96 74
44 67
62 8
65 73
51 92
75 10
88 45
25 59
46 22
97 73
20 35
7 2
1 11
48 98
51 93
83 54
26 85
6 93
44 86
61 88
97 7
86 56
54 9
11 43
14 7
7 48
73 45
89 66
66 51
49 97
89 27
24 50
35 69
18 80
23 76
23 26
62 68
42 65
37 14
57 82
8 9
64 84
34 44
97 34
72 15
13 15
36 34
77 87
32 38
2 49
64 94
48 37
49 30
30 51
30 3
76 26
63 77
78 24
73 85
16 76
55 73
47 18
14 97
66 4
76 43
54 32
87 34
43 59
71 31
17 1
16 60
77 95
44 88
95 5
93 92
87 29
13 48
74 57
38 15
19 65
52 10
7 83
53 75
76 7
59 83
16 26
31 17
79 72
11 90
56 99