# Team 091 large instance.
204
100
3
14
15 21
67 13
27 59
63 25
82 38
96 67
85 18
6 57
94 94
75 26
21 55
81 5
40 68
87 55
99 29
2 96
27 6
62 37
56 30
91 82
82 49
14 79
92 26
39 53
21 48
81 7
72 13
59 59
36 57
37 1
39 83
45 14
62 39
5 69
68 52
71 51
94 16
76 10
89 29
32 7
49 57
38 2
85 86
61 86
49 66
80 99
44 79
1 74
18 14
62 78
19 61
45 25
41 3
92 21
97 99
74 79
6 54
30 36
39 78
53 77
18 89
14 3
30 54
77 7
2 47
52 69
44 1
89 33
18 46
5 82
59 29
70 84
96 78
21 54
49 70
53 52
24 71
26 77
63 8
13 89
90 89
92 53
47 63
68 31
45 75
4 4
23 72
92 7
75 64
41 71
50 19
61 28
41 25
50 28
17 34
22 48
63 65
33 94
11 45
40 81
22 75
94 61
6 79
72 24
3 62
59 6
12 83
10 3
49 56
69 34
88 69
70 97
5 34
34 52
63 67
14 46
34 61
63 21
89 3
60 52
76 48
67 67
31 16
21 79
35 41
60 6
72 90
31 89
72 35
6 99
90 50
6 44
90 4
61 87
88 98
38 79
74 44
2 37
82 91
72 19
12 14
23 14
4 10
43 65
4 92
50 25
36 90
22 36
68 12
99 27
57 76
46 76
76 89
49 26
43 40
38 26
69 4
33 48
13 45
95 96
42 69
27 25
46 5
73 1
30 85
27 98
5 40
89 55
59 51
57 96
49 92
13 38
86 86
67 18
59 14
27 73
45 24
93 73
36 94
28 26
83 26
74 78
10 84
30 32
56 51
52 29
31 6
23 66
43 99
77 67
50 50
78 11
88 43
14 47
96 1
4 80
20 91
22 33
83 28
76 77
3 38
95 57
43 83
51 41