# Team 092 large instance.
205
100
3
14
52 8
96 4
88 46
40 52
2 77
98 5
32 57
90 77
58 46
33 26
48 24
21 25
93 75
15 15
91 94
28 87
44 87
63 47
50 75
89 11
45 11
36 34
11 98
80 47
89 63
60 47
76 45
96 75
47 55
2 56
40 18
87 27
73 49
10 81
93 93
3 14
71 59
24 9
22 85
85 14
8 94
17 35
14 93
72 11
93 91
32 2
98 34
93 51
60 69
12 77
61 72
67 86
25 20
51 82
39 85
39 9
4 0
3 41
73 50
10 96
10 5
36 56
54 36
58 27
69 28
14 88
25 12
40 29
25 40
37 17
13 35
30 78
19 46
81 13
84 72
37 48
60 98
22 32
63 54
97 0
29 70
25 29
73 83
46 32
92 32
30 40
54 37
8 58
89 77
84 89
89 34
58 64
41 78
85 10
48 62
49 72
0 87
35 93
11 86
1 13
18 11
34 4
51 72
7 71
12 11
50 25
69 8
87 71
58 10
49 11
23 12
11 14
44 30
65 83
3 40
61 79
48 65
57 78
11 47
6 44
43 63
75 37
84 63
13 6
26 99
28 8
54 85
10 98
35 42
34 76
25 96
92 21
94 40
90 68
23 66
4 55
8 93
97 85
48 91
79 15
90 90
14 53
27 76
95 50
90 17
52 10
54 74
68 22
74 61
8 60
49 19
25 4
54 76
3 60
23 55
99 81
78 97
93 29
57 2
48 40
24 86
41 89
63 20
99 1
68 69
90 83
39 2
48 7
9 2
63 16
43 65
86 74
72 56
81 35
13 29
31 86
30 25
82 28
81 9
71 76
12 90
80 5
68 67
58 16
81 93
85 16
56 79
20 29
10 3
87 89
71 29
50 88
84 91
80 4
26 40
24 50
2 23
52 48
6 80
31 67
73 53
95 2
98 24
25 50
11 79