# Team 093 large instance.
200
100
3
14
69 56
15 85
67 68
10 98
90 97
56 19
71 38
37 24
38 53
43 67
32 12
52 88
84 68
41 42
69 58
84 77
42 50
25 98
79 44
30 57
68 41
62 92
59 75
22 83
83 69
9 74
92 90
9 28
15 7
33 77
38 73
87 66
73 12
17 44
25 27
9 49
16 97
16 42
57 43
9 67
11 9
3 90
51 20
66 73
13 58
94 34
23 56
0 30
98 98
20 81
12 13
21 25
48 51
69 83
21 98
66 11
61 79
68 8
83 91
81 2
38 68
23 49
12 49
18 62
24 78
41 94
53 50
1 30
93 49
22 62
45 64
76 42
5 64
28 11
97 83
94 84
57 65
67 42
69 39
15 4
44 19
71 3
91 36
10 26
93 42
19 38
76 99
31 12
66 43
29 88
48 46
86 30
38 45
52 62
63 99
86 39
64 36
21 47
47 29
6 58
99 12
41 80
72 58
65 74
89 53
10 83
33 30
64 63
44 94
29 8
10 37
14 53
47 65
21 77
5 13
15 45
32 61
86 41
73 41
61 85
42 17
16 62
22 41
76 21
17 45
6 17
69 0
89 12
57 44
50 60
97 25
40 37
78 76
23 30
12 94
73 43
82 0
42 83
20 55
49 6
47 51
11 31
69 48
39 77
6 74
5 63
14 11
99 55
52 68
18 54
74 74
73 63
22 54
12 53
5 47
89 62
87 10
16 32
64 81
55 32
42 14
51 83
77 56
68 32
83 51
87 67
12 9
72 78
78 9
15 99
45 79
44 59
48 41
39 38
53 37
87 39
31 34
79 56
8 14
9 13
31 43
75 13
41 29
40 9
94 44
4 62
60 60
96 56
45 17
26 46
83 19
12 96
65 77
93 93
6 55
38 60
51 23
68 9
9 79
66 94