# Team 094 large instance.
200
100
3
14
0 0
0 1
0 2
0 3
0 4
0 5
0 6
29 29
50 29
2 6
1 99
3 7
8 9
5 10
33 15
10 0
10 1
10 2
10 3
10 4
10 5
10 6
30 99
55 29
12 6
11 5
13 7
18 9
15 10
99 15
10 40
10 88
10 87
10 86
10 85
10 84
10 46
30 34
55 34
88 16
77 16
13 88
18 21
15 32
33 30
23 43
27 2
21 7
49 49
32 32
99 0
99 1
99 2
99 3
99 4
99 5
99 6
57 29
51 99
98 6
95 5
3 89
10 89
80 10
80 15
11 20
11 21
11 22
11 23
11 24
11 32
11 26
13 29
15 29
11 46
11 35
11 57
12 9
11 71
13 65
14 15
11 14
24 11
24 34
44 11
15 11
46 17
13 34
15 55
27 55
13 84
3 76
8 77
9 78
99 23
25 99
29 80
23 70
51 70
34 80
0 10
0 11
0 12
0 13
0 14
0 15
0 16
29 39
50 39
2 16
1 15
3 17
8 19
5 20
33 25
10 10
10 11
10 12
10 13
10 14
10 15
10 16
30 39
55 39
12 16
11 15
13 17
18 19
15 20
44 44
10 50
10 24
10 34
10 44
10 54
10 25
10 56
30 44
55 44
12 26
11 25
13 27
18 29
15 42
33 40
23 53
27 12
21 17
49 59
32 52
1 0
1 1
1 2
1 3
1 4
1 5
1 6
30 29
51 29
3 6
4 5
4 7
9 9
6 10
34 15
13 0
13 1
13 2
13 3
13 4
13 5
13 6
33 29
58 29
15 6
14 5
16 7
21 9
18 10
82 15
88 40
1 70
61 10
61 11
61 12
1 62
1 82
20 34
57 34
14 74
13 75
87 76
77 77
17 78
35 90
25 86
29 82
23 73
51 73
34 88