# Team 095 large instance.
200
100
3
14
26 24
48 71
31 60
61 33
16 86
85 31
95 46
53 27
84 6
54 55
91 42
87 33
28 52
59 45
29 82
91 73
40 31
53 30
51 63
40 66
77 35
46 75
97 55
49 9
92 77
47 51
55 70
0 53
33 36
75 13
25 37
8 33
23 83
33 35
42 60
76 64
2 21
68 91
37 61
14 46
64 64
29 91
66 51
7 40
30 1
20 28
94 10
67 7
31 56
88 76
74 86
41 27
83 56
20 96
78 96
62 43
91 41
81 24
17 43
66 48
9 28
59 60
73 97
16 95
38 69
57 15
59 9
1 48
6 68
30 70
22 46
2 64
50 41
56 81
32 57
61 62
76 4
14 37
88 54
14 20
29 32
57 23
44 65
39 51
64 84
95 45
73 24
10 70
62 54
24 45
12 72
72 68
15 25
7 46
23 54
25 10
20 24
38 73
97 36
3 3
43 22
76 54
66 78
38 20
94 79
47 68
74 85
46 64
39 89
61 56
93 53
76 39
71 62
63 89
97 10
49 49
37 1
50 33
31 47
25 16
40 29
23 91
44 99
38 76
23 58
2 16
95 75
55 18
28 3
45 92
2 40
16 50
92 9
89 97
54 68
70 18
93 38
31 58
94 30
13 68
8 74
23 12
12 0
2 20
31 50
49 96
46 27
64 56
60 55
9 26
92 42
77 91
64 68
96 88
93 89
58 67
35 27
73 37
45 22
54 67
85 12
66 21
83 82
90 95
63 24
29 20
61 78
72 94
57 85
61 67
34 62
47 7
54 75
8 75
34 63
19 1
61 47
77 24
62 49
87 3
19 50
81 59
96 29
88 1
73 39
0 3
94 89
20 47
40 24
65 80
44 93
42 73
81 64
35 69
84 63
76 25
11 17
65 68
7 99
42 8