# Team 096 large instance.
196
100
3
14
80 97
37 67
36 80
2 57
79 7
3 45
74 57
43 16
76 48
10 2
54 2
20 20
23 75
15 38
94 85
93 59
47 92
60 41
69 22
30 27
65 71
70 91
35 16
44 56
1 67
4 49
68 22
12 0
85 56
6 86
70 37
14 73
19 98
45 61
90 12
72 44
18 41
36 74
15 88
29 59
52 15
94 78
51 51
86 97
82 10
23 24
28 31
85 83
2 44
93 35
40 24
36 65
50 62
22 33
86 14
76 66
6 59
13 64
37 7
38 38
65 2
16 36
55 97
54 98
28 27
93 16
99 36
31 13
40 33
5 76
4 10
44 94
33 59
24 14
12 76
72 79
36 93
60 74
30 19
52 67
67 88
90 46
56 90
18 95
78 26
76 36
37 64
53 83
22 42
93 73
9 49
53 99
47 18
95 53
47 89
30 76
44 25
43 46
33 94
52 55
18 47
40 97
51 80
51 3
84 16
70 44
60 35
93 29
86 20
21 10
55 20
29 88
36 32
22 31
38 15
39 94
62 86
44 78
15 24
89 38
20 96
48 33
23 85
94 46
74 72
69 39
90 20
17 71
41 15
84 67
20 5
92 15
47 59
21 31
84 92
87 61
49 87
5 59
25 18
73 70
1 98
95 6
78 18
37 11
69 47
2 66
31 53
19 12
86 16
75 78
37 60
96 92
97 13
94 83
92 36
43 56
50 71
33 81
18 23
52 61
0 30
5 8
29 57
5 5
96 41
42 79
29 43
10 73
1 7
40 56
94 20
10 93
85 0
74 91
56 67
83 54
20 68
15 42
72 71
44 91
46 85
24 18
36 56
47 46
57 87
52 52
12 17
56 20
46 49
40 37
25 27
55 35
75 86
49 8
87 95
1 17