# Team 097 large instance.
200
100
3
14
66 62
95 20
46 59
65 31
69 52
94 44
69 66
51 21
8 99
54 13
31 65
96 28
28 80
12 52
86 56
30 85
18 71
32 43
85 25
3 78
70 62
66 2
52 85
22 35
54 7
84 30
48 26
64 24
33 72
75 59
61 54
42 46
27 45
94 21
78 2
60 27
79 9
72 91
49 31
36 50
50 72
4 63
6 14
84 91
27 72
87 22
26 3
66 19
13 93
56 2
45 87
70 65
91 37
34 63
37 60
71 97
80 49
23 76
72 18
63 8
31 97
14 29
10 87
7 98
53 27
56 38
17 46
20 82
30 63
4 86
97 2
11 80
97 13
58 92
70 84
36 53
67 37
51 84
78 91
38 91
85 23
76 2
52 21
66 79
68 75
38 38
95 98
83 19
78 9
32 92
23 26
83 26
12 81
60 7
97 38
30 95
78 80
78 5
80 47
53 76
84 94
62 89
4 47
94 45
42 32
71 33
2 40
98 18
45 25
1 63
68 52
89 96
99 18
53 38
4 91
29 74
30 9
19 92
89 30
66 56
50 31
20 56
81 54
86 13
7 51
67 65
8 8
9 64
46 43
13 4
40 95
54 73
84 25
67 60
22 86
62 74
54 39
38 62
19 49
74 9
6 59
7 16
63 62
63 60
27 50
79 56
48 94
98 74
49 20
4 12
69 69
3 17
73 82
84 85
99 64
67 24
38 43
76 47
31 86
11 95
8 52
49 10
1 75
56 53
60 84
66 65
93 11
65 99
96 15
3 76
92 24
53 78
21 53
62 73
1 49
50 85
25 82
94 10
55 7
62 40
34 6
86 20
44 56
77 61
48 66
52 3
15 85
8 22
19 12
26 89
32 77
34 55
11 30
31 14
80 66
1 81
34 80
81 50
33 97
58 78