# Team 098 large instance.
197
100
3
14
1 99
2 98
2 99
3 97
3 98
4 96
4 97
5 95
5 96
6 94
6 95
7 93
7 94
8 92
8 93
9 91
9 92
10 90
10 91
11 89
11 90
12 88
12 89
13 87
13 88
14 86
14 87
15 85
15 86
16 84
16 85
17 83
17 84
18 82
18 83
19 81
19 82
20 80
20 81
21 79
21 80
22 78
22 79
23 77
23 78
24 76
24 77
25 75
25 76
26 74
26 75
27 73
27 74
28 72
28 73
29 71
29 72
30 70
30 71
31 69
31 70
32 68
32 69
33 67
33 68
34 66
34 67
35 65
35 66
36 64
36 65
37 63
37 64
38 62
38 63
39 61
39 62
40 60
40 61
41 59
41 60
42 58
42 59
43 57
43 58
44 56
44 57
45 55
45 56
46 54
46 55
47 53
47 54
48 52
48 53
49 51
49 52
50 50
50 51
51 49
51 50
52 48
52 49
53 47
53 48
54 46
54 47
55 45
55 46
56 44
56 45
57 43
57 44
58 42
58 43
59 41
59 42
60 40
60 41
61 39
61 40
62 38
62 39
63 37
63 38
64 36
64 37
65 35
65 36
66 34
66 35
67 33
67 34
68 32
68 33
69 31
69 32
70 30
70 31
71 29
71 30
72 28
72 29
73 27
73 28
74 26
74 27
75 25
75 26
76 24
76 25
77 23
77 24
78 22
78 23
79 21
79 22
80 20
80 21
81 19
81 20
82 18
82 19
83 17
83 18
84 16
84 17
85 15
85 16
86 14
86 15
87 13
87 14
88 12
88 13
89 11
89 12
90 10
90 11
91 9
91 10
92 8
92 9
93 7
93 8
94 6
94 7
95 5
95 6
96 4
96 5
97 3
97 4
98 2
98 3
99 1
99 2