# Team 099 large instance.
200
100
3
14
0 8
91 60
37 22
84 2
94 53
15 2
37 38
95 77
54 86
13 52
18 13
9 77
64 82
31 60
90 76
21 33
1 38
47 85
50 77
31 31
11 6
0 72
11 42
36 78
1 80
75 27
80 3
81 81
6 34
87 82
59 46
59 1
72 68
76 20
92 30
37 69
74 45
66 4
51 52
54 76
78 90
57 89
63 75
59 39
23 81
72 12
43 25
70 17
33 37
43 96
52 59
86 74
2 36
71 57
55 82
60 78
64 80
58 97
87 1
68 83
7 82
81 64
70 96
55 41
49 1
75 16
11 47
0 64
47 67
91 83
77 91
79 15
49 84
16 42
50 2
61 53
96 23
34 50
7 49
60 33
33 58
15 90
31 56
23 29
20 91
69 72
39 75
89 26
16 70
6 36
55 92
67 66
77 82
74 3
68 33
46 73
36 80
38 8
34 26
14 9
75 47
88 6
68 57
98 0
34 52
34 12
88 17
46 29
18 57
97 67
61 26
41 77
69 76
64 86
56 47
63 24
21 39
69 23
47 44
89 88
64 60
6 27
32 77
2 23
45 2
15 11
62 53
30 31
67 25
35 30
38 89
91 53
35 73
6 44
62 6
41 62
87 47
64 34
71 15
25 45
71 54
23 32
79 35
21 34
99 63
92 37
3 7
40 68
32 37
45 10
42 81
82 11
46 53
74 90
20 36
38 37
19 26
88 95
70 15
63 55
80 73
41 99
81 41
20 77
69 74
83 74
7 34
14 73
95 11
44 29
56 28
65 45
45 87
46 96
6 58
62 30
33 27
31 82
51 79
81 97
39 51
16 28
20 3
88 8
76 38
37 20
10 53
46 19
45 37
23 54
37 43
72 27
25 46
20 0
35 9
51 65
31 13
58 53
21 45
54 26