# Team 100 large instance.
201
100
3
14
66 16
6 82
29 50
84 67
5 44
54 58
99 53
40 41
57 97
63 89
51 74
61 75
58 19
12 64
92 87
89 83
88 58
16 65
99 63
47 78
8 15
75 77
51 73
62 35
31 25
6 0
70 94
37 78
84 12
37 91
24 86
27 93
97 82
97 88
65 43
11 36
67 93
3 1
85 34
9 9
75 93
39 56
8 18
89 15
19 23
1 43
36 29
41 27
96 95
12 27
33 45
23 22
31 37
39 88
11 35
69 24
65 40
96 32
76 73
27 99
58 46
27 53
36 7
89 68
23 99
27 82
19 69
93 1
48 21
56 66
40 86
23 91
22 10
30 76
54 2
28 49
26 33
32 52
38 60
53 55
58 60
43 1
92 78
61 78
52 79
68 42
83 18
81 6
28 11
44 32
9 2
18 84
49 34
48 9
6 89
58 49
91 5
38 12
12 23
9 38
33 84
46 86
60 63
48 31
11 40
37 33
94 43
96 9
19 22
97 43
26 13
15 12
56 30
90 55
26 86
16 55
11 56
92 44
16 35
92 18
47 22
79 98
58 55
25 69
21 23
93 0
56 14
26 73
41 63
47 4
3 71
86 33
47 97
49 81
31 65
45 86
15 7
68 60
81 28
32 56
56 37
19 78
92 2
41 37
58 82
11 44
59 99
44 76
33 31
94 66
81 31
26 52
13 99
62 52
84 1
15 31
97 47
0 16
67 92
56 74
43 77
6 50
12 33
84 24
59 92
29 31
52 62
41 66
78 65
61 23
56 44
12 10
34 78
67 4
96 1
10 70
52 21
7 45
29 21
22 48
50 47
37 58
25 34
80 28
75 38
48 49
13 1
50 94
2 83
42 4
2 91
10 45
35 97
16 93
38 85
22 78
37 64
25 59
60 90
31 33
61 16