# Team 101 large instance.
200
100
3
14
0 50
0 75
1 50
1 75
2 50
2 75
3 50
3 75
4 50
4 75
5 50
5 75
6 50
6 75
7 50
7 75
8 50
8 75
9 50
9 75
10 50
10 75
11 50
11 75
12 50
12 75
13 50
13 75
14 50
14 75
15 50
15 75
16 50
16 75
17 50
17 75
18 50
18 75
19 50
19 75
20 50
20 75
21 50
21 75
22 50
22 75
23 50
23 75
24 50
24 75
25 50
25 75
26 50
26 75
27 50
27 75
28 50
28 75
29 50
29 75
30 50
30 75
31 50
31 75
32 50
32 75
33 50
33 75
34 50
34 75
35 50
35 75
36 50
36 75
37 50
37 75
38 50
38 75
39 50
39 75
40 50
40 75
41 50
41 75
42 50
42 75
43 50
43 75
44 50
44 75
45 50
45 75
46 50
46 75
47 50
47 75
48 50
48 75
49 50
49 75
50 50
50 75
51 50
51 75
52 50
52 75
53 50
53 75
54 50
54 75
55 50
55 75
56 50
56 75
57 50
57 75
58 50
58 75
59 50
59 75
60 50
60 75
61 50
61 75
62 50
62 75
63 50
63 75
64 50
64 75
65 50
65 75
66 50
66 75
67 50
67 75
68 50
68 75
69 50
69 75
70 50
70 75
71 50
71 75
72 50
72 75
73 50
73 75
74 50
74 75
75 50
75 75
76 50
76 75
77 50
77 75
78 50
78 75
79 50
79 75
80 50
80 75
81 50
81 75
82 50
82 75
83 50
83 75
84 50
84 75
85 50
85 75
86 50
86 75
87 50
87 75
88 50
88 75
89 50
89 75
90 50
90 75
91 50
91 75
92 50
92 75
93 50
93 75
94 50
94 75
95 50
95 75
96 50
96 75
97 50
97 75
98 50
98 75
99 50
99 75