# Team 102 large instance.
200
100
3
14
84 24
34 86
25 6
93 7
64 47
85 80
76 94
96 74
18 57
1 52
14 52
64 73
0 68
98 86
23 31
17 15
45 18
55 9
88 6
29 8
17 56
9 82
50 4
83 0
3 52
58 14
92 59
91 17
30 96
70 73
72 34
73 82
3 47
18 29
80 1
1 85
8 53
0 85
8 43
95 97
56 14
17 75
85 53
8 79
73 14
25 96
77 27
60 60
6 60
25 60
12 76
21 78
46 78
12 95
10 9
93 59
35 7
82 65
2 13
21 53
26 97
23 48
95 13
25 97
57 51
80 35
36 68
7 15
12 53
54 75
17 42
19 74
10 62
38 92
14 82
95 18
13 88
11 47
90 74
72 0
90 38
65 27
68 14
27 95
36 97
30 10
48 13
10 22
53 39
40 45
42 58
24 86
7 46
32 68
39 92
44 91
4 49
2 56
88 31
89 55
57 53
39 37
49 40
46 64
43 90
42 68
9 12
57 58
80 0
51 48
26 39
67 14
74 91
90 65
26 53
98 68
19 61
63 81
78 7
48 14
96 50
36 34
54 43
41 1
50 37
21 77
24 27
94 25
9 67
48 88
12 48
16 62
14 85
89 26
85 25
98 1
81 82
53 97
8 32
93 40
89 60
36 14
26 44
90 68
88 26
41 25
95 48
16 77
18 64
11 3
66 21
41 84
64 99
77 76
69 28
14 39
42 91
95 94
97 97
94 2
91 15
1 78
73 75
80 2
74 78
19 3
62 87
13 13
22 22
88 9
33 22
57 59
43 76
67 7
93 49
82 94
29 69
21 94
65 92
38 70
2 31
0 60
33 42
75 36
82 81
53 9
12 47
10 52
21 70
63 80
34 53
46 68
7 27
68 82
7 26
92 55
50 44
91 76
8 6
24 18