# Team 103 large instance.
195
100
3
14
52 40
28 3
22 81
94 12
56 37
63 52
91 34
49 62
14 40
38 7
69 40
44 20
6 66
68 84
61 36
51 34
19 39
4 2
17 5
30 2
17 14
54 42
94 78
5 85
67 45
92 44
41 35
21 66
73 67
73 21
16 33
57 34
85 4
76 1
23 84
32 7
77 39
98 80
27 93
69 53
71 17
8 98
99 33
1 37
38 32
94 9
65 67
66 66
9 78
3 92
15 57
15 2
78 40
50 88
36 34
96 85
58 46
45 46
52 94
27 40
96 94
24 78
76 24
33 99
82 28
46 93
57 38
38 98
61 72
84 57
66 77
88 74
19 84
67 51
91 36
17 96
10 90
1 96
57 31
66 98
5 57
20 21
11 61
21 29
61 10
84 97
18 39
97 39
27 81
73 48
41 80
50 37
17 34
71 14
11 27
64 63
79 82
73 75
5 50
20 14
12 65
38 84
49 29
20 87
24 48
12 28
94 79
55 90
43 70
90 57
70 24
78 92
22 41
61 94
91 40
11 20
9 87
64 65
84 10
9 41
45 6
74 51
49 31
26 93
7 34
73 34
58 91
81 10
65 87
20 0
12 51
8 44
74 44
77 61
49 24
68 37
86 18
4 65
97 82
3 75
23 23
41 59
75 61
25 51
24 61
35 61
89 96
11 6
48 55
45 47
63 62
93 41
57 21
46 85
68 85
86 66
68 94
26 24
22 29
89 98
8 85
28 33
39 63
49 65
91 46
75 29
73 65
77 47
89 50
14 52
81 17
12 64
63 82
26 26
89 18
56 24
66 1
37 84
80 36
0 28
68 80
20 70
61 50
19 53
4 16
81 46
34 35
30 16
77 97
21 44
2 73
40 57
38 5
20 54
20 63