# Team 104 large instance.
200
100
3
14
89 59
93 50
35 51
50 70
76 52
62 99
27 77
48 45
74 64
51 89
24 72
83 39
72 11
98 94
89 70
53 16
16 86
29 34
40 34
83 14
99 65
14 24
75 10
49 46
23 36
49 0
80 97
16 70
42 89
35 28
81 25
46 34
16 97
40 27
37 10
74 59
94 62
28 71
17 71
77 21
66 0
0 9
41 10
67 29
51 96
83 89
72 52
81 64
79 85
90 30
82 81
65 95
28 46
54 83
22 78
40 29
84 29
76 58
76 67
78 86
49 50
9 78
3 92
67 95
95 56
32 18
15 66
79 69
78 49
33 17
52 39
7 71
34 0
30 45
31 10
47 61
34 18
69 76
61 72
73 64
62 64
56 2
36 63
79 98
97 12
29 79
32 41
54 23
25 42
31 30
23 81
84 42
44 3
80 87
67 35
90 0
87 56
82 5
81 70
62 66
47 47
40 90
20 96
50 12
18 96
8 6
73 41
16 53
99 5
50 85
2 17
71 71
8 97
36 58
40 74
6 72
43 36
37 66
24 32
57 44
98 54
7 98
92 84
69 27
88 62
1 2
91 24
33 89
29 3
40 12
21 8
29 21
97 73
48 34
72 83
49 97
4 10
49 42
47 17
59 19
53 97
87 44
70 92
93 23
71 2
90 15
0 79
6 3
83 40
82 20
67 53
63 16
52 34
66 33
14 59
9 45
31 11
58 13
81 97
93 7
39 36
91 19
48 48
30 12
22 93
2 5
45 40
92 91
38 1
58 43
41 91
49 19
80 6
58 6
78 73
53 19
84 25
35 56
85 5
61 84
20 98
66 10
46 71
35 86
49 85
12 11
72 25
79 40
93 66
54 93
14 20
9 6
96 74
88 70
2 64
68 0
76 22
60 35
98 19
85 98