# Team 105 large instance.
203
100
3
14
67 53
5 41
15 66
73 1
75 7
4 35
62 24
15 31
5 91
39 36
76 47
86 34
61 89
19 36
85 65
83 65
64 37
20 66
60 96
74 11
36 95
62 58
22 11
87 32
55 85
5 28
5 10
16 18
45 17
8 63
96 15
88 35
3 48
2 88
25 65
80 53
4 1
79 64
16 99
35 18
49 51
51 24
55 99
44 76
92 20
29 23
14 66
60 1
46 74
97 44
1 43
97 52
25 8
44 5
29 30
6 99
19 59
42 79
2 84
91 95
66 9
22 59
5 56
66 50
13 79
24 59
67 56
68 7
90 94
46 46
72 8
36 84
95 33
12 99
56 13
81 26
77 51
91 48
11 82
88 70
48 80
35 99
74 4
96 74
95 85
57 90
66 80
91 26
74 82
75 16
94 73
36 74
43 4
82 61
22 34
57 58
47 47
26 65
67 70
27 50
52 52
9 31
21 62
36 54
74 78
39 47
4 61
12 73
46 69
42 32
79 53
6 93
69 36
17 13
34 48
27 14
31 73
69 61
80 48
39 51
22 74
17 83
78 75
72 56
67 45
54 32
23 98
51 69
41 56
68 13
25 97
23 58
17 10
70 96
25 27
70 35
83 94
22 3
76 34
75 43
22 61
65 65
23 53
34 53
80 47
78 19
46 43
51 93
42 74
96 51
63 85
31 45
41 36
24 51
26 11
54 12
11 62
30 30
98 52
69 97
31 79
40 47
10 42
58 80
17 30
18 78
72 61
18 51
90 16
48 79
20 62
40 88
85 20
62 12
73 76
66 54
86 65
69 68
33 68
94 79
56 69
19 54
29 64
15 81
22 95
85 79
61 14
14 20
61 6
21 7
65 37
77 42
5 77
17 37
18 59
20 56
70 83
81 95
22 1
94 39
57 60
53 4
69 5