# Team 106 large instance.
195
100
3
14
0 0
0 7
0 14
0 21
0 28
0 35
0 42
36 76
0 56
89 1
0 70
0 77
0 84
0 91
12 50
8 0
8 7
8 14
8 21
8 28
8 35
8 42
8 49
8 56
8 63
64 62
8 77
8 84
8 91
94 63
16 0
16 7
16 14
16 21
53 83
16 35
86 84
16 49
16 56
16 63
74 67
16 77
16 84
35 97
29 37
24 0
24 7
24 14
24 21
24 28
24 35
24 42
24 49
24 56
24 63
24 70
24 77
24 84
24 91
24 98
32 0
32 7
32 14
32 21
32 28
32 35
32 42
32 49
32 56
32 63
32 70
32 77
32 84
34 99
32 98
40 0
40 7
40 14
40 21
28 27
40 35
40 42
40 49
47 95
40 63
40 70
40 77
91 55
40 91
40 98
48 0
48 7
48 14
48 21
48 28
48 35
48 42
48 49
81 65
48 63
48 70
48 77
48 84
6 15
48 98
30 51
56 7
96 58
56 21
56 28
56 35
56 42
56 49
56 56
56 63
56 70
56 77
56 84
56 91
56 98
64 0
64 7
64 14
64 21
64 28
64 35
64 42
64 49
64 56
64 63
64 70
64 77
64 84
64 91
54 9
88 43
72 7
72 14
72 21
48 90
72 35
72 42
72 49
87 72
3 18
72 70
72 77
72 84
72 91
72 98
80 0
92 32
80 14
22 40
80 28
80 35
80 42
80 49
80 56
80 63
16 23
31 41
80 84
80 91
80 98
73 5
52 33
88 14
88 21
88 28
88 35
88 42
17 44
88 56
88 63
88 70
99 26
88 84
88 91
88 98
96 0
96 7
96 14
96 21
96 28
96 35
96 42
96 49
96 56
96 63
77 49
96 77
96 84
96 91
96 98