# Team 107 large instance.
200
100
3
14
0 52
0 62
0 94
1 26
1 89
2 18
2 20
2 23
2 51
2 57
2 91
3 9
3 87
4 26
4 42
4 55
4 81
4 95
5 23
5 45
5 61
6 21
6 50
6 99
7 12
7 16
7 20
7 38
7 51
8 27
8 44
8 51
8 86
9 49
9 50
9 99
10 16
10 23
10 57
10 63
10 70
10 91
10 94
10 98
11 31
12 41
12 72
12 84
13 71
14 17
14 37
14 79
15 17
15 39
15 74
16 45
16 74
17 24
17 46
17 55
17 60
17 79
17 86
17 91
18 40
18 62
19 44
19 52
19 58
19 75
19 82
19 96
21 60
21 68
21 85
22 28
22 36
22 37
22 39
22 77
22 80
22 84
22 87
23 31
23 82
24 69
26 86
26 93
27 37
27 41
27 45
27 64
27 80
27 84
28 67
28 89
29 46
29 50
29 81
29 93
30 31
30 51
30 61
31 42
31 76
31 94
32 64
32 68
32 72
32 99
33 46
33 73
33 79
33 94
33 98
34 89
34 92
35 51
35 61
35 64
35 78
35 99
36 62
36 77
36 88
36 98
37 45
37 82
37 83
37 88
37 98
38 43
38 58
39 70
39 94
41 52
42 54
45 79
46 58
46 70
46 92
47 91
48 66
48 69
48 80
48 87
48 94
48 96
49 88
50 58
50 66
50 68
50 98
51 76
52 71
52 85
53 57
53 73
53 75
53 82
53 87
54 70
54 72
55 60
55 79
56 67
57 95
57 98
58 65
58 83
59 74
59 70
59 77
59 83
61 91
62 77
63 97
64 70
64 73
64 96
65 84
66 74
66 87
67 73
67 74
67 86
68 90
69 93
69 99
70 92
74 86
75 77
76 99
77 81
77 93
77 98
78 79
80 81
82 85
94 97