# Team 108 large instance.
205
100
3
14
50 50
49 51
50 52
51 52
52 51
52 50
52 49
51 48
50 48
49 48
48 48
47 49
47 50
47 51
47 52
47 53
48 54
49 54
50 54
51 54
52 54
53 54
54 53
54 52
54 51
54 50
54 49
54 48
54 47
53 46
52 46
51 46
50 46
49 46
48 46
47 46
46 46
45 47
45 48
45 49
45 50
45 51
45 52
45 53
45 54
45 55
46 56
47 56
48 56
49 56
50 56
51 56
52 56
53 56
54 56
55 56
56 57
56 56
56 55
56 54
56 53
56 52
56 51
56 50
56 49
56 48
56 47
55 46
54 46
0 0
1 1
2 2
3 3
4 4
5 5
6 6
7 7
45 46
44 46
43 47
43 48
43 49
43 50
43 51
43 52
43 53
43 54
43 55
43 56
43 57
43 58
43 59
44 60
45 60
46 60
47 60
48 60
49 60
50 60
51 60
52 60
53 60
54 60
55 60
56 60
57 60
58 59
58 58
58 57
58 56
58 55
58 54
58 53
58 52
58 51
58 50
58 49
58 48
58 47
58 46
58 45
58 44
57 43
56 43
55 43
54 43
53 43
52 43
51 43
50 43
49 43
48 43
47 43
46 43
45 43
44 43
43 43
42 43
41 44
41 45
41 46
41 47
41 48
41 49
41 50
41 51
41 52
41 53
41 54
41 55
41 56
41 57
41 58
41 59
41 60
42 61
43 61
44 61
45 61
46 61
47 61
48 61
49 61
50 61
51 61
52 61
53 61
54 61
55 61
56 61
57 61
58 61
59 61
60 60
60 59
60 58
60 57
60 56
60 55
60 54
60 53
60 52
60 51
60 50
60 49
60 48
60 47
60 46
60 45
60 44
60 43
60 42
59 41
58 41
57 41
56 41
55 41
54 41
53 41
52 41
51 41
50 41
49 41
48 41
47 41