# Team 109 large instance.
203
100
3
14
1 1
1 2
1 3
1 4
1 5
2 1
2 2
2 3
2 4
2 5
3 1
3 2
3 3
3 4
3 5
4 1
4 2
4 3
4 4
4 5
5 1
5 2
5 3
5 4
5 5
6 6
6 7
6 8
6 9
6 10
7 6
7 7
7 8
7 9
7 10
8 6
8 7
8 8
8 9
8 10
8 12
9 6
9 7
9 8
9 9
9 10
10 6
10 7
10 8
10 9
10 10
10 15
10 16
10 17
10 18
10 19
11 14
11 15
11 16
11 17
11 18
11 19
11 20
12 14
12 15
12 16
12 17
12 18
12 19
12 20
12 21
12 22
12 23
13 14
13 15
13 16
13 17
13 18
13 19
13 20
13 21
13 22
13 23
13 24
13 25
13 26
13 27
14 11
14 14
14 15
14 16
14 17
14 18
14 19
14 20
14 21
14 22
14 23
14 24
14 25
14 26
14 27
15 14
15 15
15 16
15 17
15 18
15 19
15 20
15 21
15 22
15 23
15 24
15 25
15 26
15 27
16 19
16 20
16 21
16 22
16 23
16 24
16 25
16 26
16 27
17 23
17 24
17 25
17 26
17 27
30 42
30 43
30 44
30 45
30 46
31 31
31 32
31 33
31 34
31 35
31 42
31 43
31 44
31 45
31 46
32 31
32 32
32 33
32 34
32 35
32 42
32 43
32 44
32 45
32 46
33 31
33 32
33 33
33 34
33 35
33 42
33 43
33 44
33 45
33 46
33 47
33 48
33 49
33 50
34 31
34 32
34 33
34 34
34 35
34 42
34 43
34 44
34 45
34 46
34 47
34 48
34 49
34 50
35 31
35 32
35 33
35 34
35 35
35 46
35 47
35 48
35 49
35 50
36 46
36 47
36 48
36 49
36 50
37 46
37 47
37 48
37 49
37 50