# Team 110 large instance.
200
100
3
14
64 53
35 45
42 49
74 48
14 40
64 32
17 37
61 11
76 56
57 14
30 98
31 80
78 71
62 51
43 77
10 67
81 5
73 73
73 33
46 96
30 26
33 82
88 25
49 74
50 44
99 57
39 5
5 5
48 79
24 87
2 66
64 8
78 74
6 46
31 96
72 1
89 34
20 92
59 11
39 7
35 69
39 73
66 79
2 68
87 79
95 13
39 59
31 97
85 71
11 18
69 80
42 58
67 66
52 13
9 47
19 60
22 74
61 27
87 68
37 0
74 55
95 79
65 87
87 12
8 49
93 27
86 61
57 52
98 63
48 80
41 84
83 6
71 72
22 26
71 68
21 21
14 85
63 76
61 85
61 95
94 53
36 34
80 56
9 8
41 5
67 68
8 76
56 97
72 65
94 27
18 32
28 36
68 25
94 75
1 53
85 59
86 85
89 45
68 38
73 96
47 69
82 71
55 38
91 85
41 47
25 3
8 77
74 33
62 32
25 36
54 32
5 31
2 23
75 57
47 18
24 97
41 96
71 50
85 68
44 79
93 32
91 8
86 98
17 94
31 1
80 19
68 99
76 42
80 23
48 53
61 93
89 26
33 9
26 40
47 28
75 31
61 98
33 67
52 19
84 52
33 63
1 35
71 37
47 76
55 90
14 31
9 16
90 84
9 25
90 22
10 36
94 84
97 96
70 2
95 88
31 62
34 39
17 52
16 63
20 31
0 75
65 4
86 96
16 7
12 55
45 60
90 42
49 92
72 97
13 46
98 20
33 69
25 17
77 43
47 73
19 64
50 54
68 1
70 18
17 11
34 40
87 49
14 2
45 69
44 64
1 31
80 92
25 82
48 96
61 97
30 41
37 64
24 50
92 87
78 94
3 41
45 80
46 49
33 7
9 97