# Team 112 large instance.
205
100
3
14
91 91
58 62
16 18
88 21
81 66
66 1
88 41
17 70
66 40
69 20
65 28
35 22
99 45
7 91
10 47
19 95
35 52
57 74
45 61
73 63
23 3
5 62
82 36
12 70
35 98
75 69
22 73
74 29
56 78
94 99
35 63
14 76
38 96
23 40
72 73
67 91
78 43
97 65
5 50
25 73
62 67
83 37
41 9
67 55
47 46
24 42
99 40
18 50
42 92
58 91
31 63
38 61
82 76
33 32
44 0
69 60
78 91
46 60
93 72
2 62
22 41
18 65
44 63
45 77
12 68
83 62
23 91
2 56
35 10
95 17
54 42
63 20
49 46
66 78
85 32
9 10
22 35
62 51
7 66
16 20
94 32
87 1
31 95
67 32
55 32
8 85
33 6
54 92
29 22
24 89
90 96
50 30
66 23
22 7
25 54
54 69
18 39
88 46
95 84
87 17
29 2
18 55
58 40
31 66
62 20
37 90
11 29
46 10
72 60
12 73
58 48
69 43
82 95
24 80
7 54
24 9
12 22
50 7
91 29
54 33
80 34
32 97
87 47
95 46
72 65
61 67
14 48
54 48
92 99
29 60
24 97
42 2
67 54
53 34
30 81
35 85
74 65
35 58
52 76
23 95
92 25
1 29
1 77
16 17
90 88
94 9
59 47
54 39
24 40
54 30
59 30
84 44
41 96
62 12
16 56
11 62
12 29
36 98
97 60
99 88
25 82
85 72
62 96
36 90
94 24
92 32
92 45
98 50
27 54
45 23
59 1
11 67
68 76
4 7
38 37
72 25
9 38
13 25
98 96
55 14
84 90
68 78
84 92
54 50
22 6
1 24
84 36
31 98
1 85
5 0
63 57
95 24
69 58
24 94
62 19
25 21
97 94
49 49
44 11
96 41
85 51
15 17
2 18
72 44
10 17