# Team 113 large instance.
204
100
3
14
21 61
3 95
19 45
44 50
1 63
35 65
64 58
79 77
71 89
27 25
8 89
76 34
58 52
49 35
23 83
67 75
80 89
64 6
92 40
75 88
19 94
1 95
16 39
19 50
34 2
68 68
78 65
27 2
69 65
77 36
42 58
33 99
81 5
76 20
23 82
87 0
32 7
61 85
52 93
81 12
7 95
97 67
95 40
26 13
9 2
63 60
52 59
13 66
71 40
30 49
18 27
18 45
12 58
96 93
6 13
81 95
8 54
41 63
81 98
67 93
93 71
89 6
63 70
89 68
43 20
5 26
77 27
20 87
34 44
24 78
55 51
66 18
68 89
90 23
57 46
53 73
69 16
96 92
80 48
81 40
40 31
51 42
96 28
27 10
8 71
22 82
15 44
11 18
36 90
30 38
95 87
71 76
82 2
86 80
27 15
77 17
54 49
40 6
89 93
48 31
97 23
38 52
23 90
11 60
0 82
19 49
12 73
35 76
74 49
39 37
16 75
20 11
8 70
65 49
66 33
41 83
13 5
58 81
87 70
51 76
82 78
40 54
28 68
62 32
97 59
29 83
12 72
43 34
31 33
3 9
13 49
31 59
49 81
19 98
6 46
87 12
17 83
16 18
93 17
3 57
70 66
25 90
30 79
8 36
91 49
88 12
49 79
61 3
3 66
26 86
20 3
60 79
91 66
29 49
87 76
84 62
2 78
78 82
91 91
63 24
68 78
81 3
90 50
41 18
40 40
43 44
26 77
89 41
18 12
57 99
20 40
43 15
68 63
31 24
42 8
86 89
70 90
88 1
82 80
61 6
1 84
99 49
77 22
33 98
10 57
41 52
43 60
49 98
1 92
86 54
85 44
67 90
62 33
44 4
45 79
25 21
30 9
22 91
59 47
61 89
86 34
11 62
36 74
58 41