# Team 115 large instance.
195
100
3
14
54 93
0 88
31 10
59 16
19 18
79 60
84 35
2 46
64 47
67 82
65 40
24 94
60 94
90 6
62 67
4 12
29 9
37 70
76 52
63 40
37 73
95 48
25 3
99 63
28 33
37 28
61 96
48 90
22 36
32 38
22 37
91 18
60 30
42 68
18 87
13 38
75 47
17 31
83 39
39 13
22 6
9 21
91 15
14 10
10 75
75 65
2 91
21 64
50 32
33 90
33 76
2 49
13 14
78 25
76 90
79 97
45 31
29 93
57 32
13 45
88 62
80 89
96 89
98 73
44 91
42 17
18 28
95 23
72 49
42 85
27 97
0 92
41 21
38 46
28 65
79 19
43 99
36 57
51 65
96 82
73 65
68 43
90 71
71 55
31 23
86 56
43 98
4 98
87 39
83 55
79 89
49 9
14 93
16 69
6 41
87 48
15 62
44 27
14 48
22 65
10 85
0 94
76 6
58 65
29 28
29 42
84 81
66 43
43 12
52 64
5 65
49 56
30 20
28 83
14 41
33 60
99 86
6 22
15 23
39 69
47 29
52 81
42 48
29 5
38 87
63 19
88 38
59 81
7 97
98 11
63 93
20 93
21 15
52 3
16 84
58 71
40 66
63 23
23 24
74 75
32 2
61 74
78 6
96 1
99 80
40 56
35 82
52 60
82 90
59 15
26 93
97 98
25 83
92 57
42 83
63 65
47 72
91 71
35 62
16 53
32 15
25 74
33 65
67 36
95 7
61 48
39 53
64 86
28 31
50 51
90 7
19 12
76 83
30 30
96 78
50 13
63 25
36 64
51 18
75 64
31 42
77 91
54 49
63 90
92 1
48 29
74 40
10 76
52 46
68 11
64 89
97 8
86 88
77 68
4 70