# Team 116 large instance.
200
100
3
14
21 13
38 38
36 48
46 55
74 42
98 4
59 37
23 95
93 31
88 17
28 73
13 50
32 30
63 81
69 46
77 58
36 80
23 25
72 25
83 28
75 56
41 3
40 8
69 54
23 33
2 54
46 5
19 74
30 85
37 12
17 8
55 65
55 56
56 87
83 83
63 56
20 80
39 88
49 44
11 45
83 22
98 78
65 34
34 93
5 63
59 40
74 0
60 63
5 20
85 26
99 6
71 81
14 63
3 51
47 45
52 45
36 24
37 41
99 49
33 84
30 54
10 79
61 62
6 97
15 53
70 83
45 36
38 2
58 16
10 92
43 22
60 25
19 43
88 10
15 80
25 93
87 1
3 69
9 45
40 57
89 23
14 99
38 11
75 19
30 13
32 41
15 24
42 96
97 45
84 79
26 52
67 39
63 44
92 82
24 94
48 68
97 99
80 95
11 74
80 99
69 17
98 13
97 78
66 91
1 98
32 16
71 7
16 30
89 10
38 44
50 36
4 97
44 86
87 74
11 26
85 92
45 47
74 61
85 25
74 89
65 3
56 21
16 36
76 67
77 96
46 46
46 53
63 16
84 35
76 54
94 35
41 44
3 22
68 28
46 20
20 51
5 19
69 55
49 69
74 59
59 38
94 75
74 8
80 78
8 83
46 1
88 80
62 2
15 64
89 69
54 48
34 80
76 81
72 50
2 66
2 63
27 45
41 92
75 16
35 60
55 76
84 62
65 91
73 22
68 2
74 74
83 61
88 32
98 82
80 45
62 53
51 68
67 75
87 72
3 3
83 23
74 56
90 14
43 89
4 2
3 18
54 17
56 71
89 14
99 18
65 78
63 33
80 69
11 69
19 73
61 89
44 60
45 66
29 72
21 34
25 98
58 9
58 30
76 61
6 27