# Team 117 large instance.
203
100
3
14
71 25
27 58
26 79
74 55
76 42
64 25
93 49
72 83
3 94
73 33
13 92
1 20
69 19
98 17
33 54
45 37
21 27
92 23
30 5
43 70
48 10
88 79
84 96
38 1
98 97
38 8
68 84
12 87
67 71
36 98
7 75
39 66
1 71
40 65
87 91
53 80
3 2
83 11
38 85
69 70
51 32
90 27
68 74
65 9
54 54
69 69
63 4
77 93
69 71
81 42
38 87
41 50
87 66
78 63
51 67
53 23
69 79
89 25
83 59
91 93
54 15
6 46
58 41
67 20
4 25
70 12
23 22
77 84
57 29
74 24
31 51
10 21
1 63
11 45
79 82
72 22
31 64
77 27
56 61
80 58
77 52
47 54
19 78
60 88
41 20
97 84
24 44
41 9
65 50
68 6
86 32
0 6
3 27
22 39
80 55
37 92
30 41
27 67
66 89
16 81
81 72
90 81
24 32
54 19
42 2
14 87
2 48
37 64
1 24
72 89
92 4
64 26
10 88
83 39
44 76
62 76
73 86
9 65
12 2
27 13
21 44
91 94
83 49
54 75
45 2
41 1
36 5
68 0
85 53
91 85
40 32
12 57
13 20
74 81
52 54
89 30
38 98
84 81
61 92
20 67
31 36
7 36
78 51
17 65
95 62
88 88
27 83
51 86
34 73
71 77
94 83
61 9
85 9
52 88
77 79
44 64
88 36
8 85
58 66
85 33
90 59
79 45
8 94
33 55
73 51
11 88
94 82
13 50
97 25
40 50
45 0
96 62
79 92
4 98
69 64
63 39
72 69
52 42
48 13
12 83
66 36
65 67
43 78
47 12
66 88
81 52
26 75
1 40
34 88
38 49
70 74
12 32
14 30
20 18
20 71
70 83
12 6
73 6
13 44
36 54
34 91
70 68
81 80