# Team 118 large instance.
205
100
3
14
3 58
52 74
52 85
43 38
3 48
38 54
1 2
83 12
37 6
70 38
3 59
66 4
86 77
87 77
47 59
52 75
28 2
5 60
61 77
63 64
4 14
77 28
56 1
14 25
82 2
2 13
55 2
11 52
30 13
16 38
88 44
11 6
15 82
29 1
72 57
15 37
49 30
56 13
78 28
61 78
85 14
47 58
71 57
4 58
88 75
38 66
63 52
0 3
14 26
40 67
98 48
65 65
31 14
4 46
13 26
68 37
52 86
98 47
16 83
78 84
47 57
90 55
53 73
79 83
64 64
25 74
24 74
60 79
51 75
90 54
2 48
29 13
90 42
41 26
99 46
4 59
89 54
97 48
30 0
3 13
57 12
76 74
36 56
69 24
89 43
24 76
13 73
12 50
2 2
30 12
41 36
37 55
77 73
57 0
91 6
87 45
10 6
2 12
50 30
89 44
3 0
83 13
15 83
40 26
83 1
41 25
29 12
12 4
17 84
64 51
15 24
84 13
65 6
23 76
83 2
2 1
24 28
22 30
68 25
14 72
24 75
78 73
53 85
38 5
92 5
29 2
65 4
68 36
89 55
77 30
53 86
79 71
11 5
38 65
66 27
39 4
54 87
42 36
12 27
38 55
3 47
92 6
92 4
80 85
56 2
23 30
78 83
38 6
91 56
41 37
15 72
65 5
46 59
64 63
79 84
58 14
15 36
67 26
54 3
50 76
42 37
15 71
39 27
93 4
98 46
56 12
14 37
50 28
72 56
23 29
61 79
72 55
1 49
87 76
76 30
73 55
84 0
64 6
57 13
16 82
48 57
87 75
68 26
81 3
62 77
78 72
13 50
12 51
77 29
11 4
23 28
16 70
62 53
39 53
69 36
12 52
39 65
27 3
50 29
3 12
14 36
38 4
42 24
39 66
61 54