# Team 119 large instance.
205
100
3
14
0 0
0 1
0 2
0 3
1 0
1 1
1 2
1 3
2 0
2 1
2 2
2 3
3 0
3 1
3 2
3 3
82 5
82 7
82 9
82 11
84 5
84 7
84 9
84 11
86 5
86 7
86 9
86 11
88 5
88 7
88 9
88 11
8 58
8 61
8 64
8 67
11 58
11 61
11 64
11 67
14 58
14 61
14 64
14 67
75 70
75 73
75 76
78 70
78 73
78 76
81 70
81 73
81 76
27 25
27 29
27 33
27 37
27 41
27 45
27 49
27 53
27 57
27 61
31 25
31 29
31 33
31 37
31 41
31 45
31 49
31 53
31 57
31 61
35 25
35 29
35 33
35 37
35 41
35 45
35 49
35 53
35 57
35 61
39 25
39 29
39 33
39 37
39 41
39 45
39 49
39 53
39 57
39 61
43 25
43 29
43 33
43 37
43 41
43 45
43 49
43 53
43 57
43 61
47 25
47 29
47 33
47 37
47 41
47 45
47 49
47 53
47 57
47 61
51 25
51 29
51 33
51 37
51 41
51 45
51 49
51 53
51 57
51 61
55 25
55 29
55 33
55 37
55 41
55 45
55 49
55 53
55 57
55 61
59 25
59 29
59 33
59 37
59 41
59 45
59 49
59 53
59 57
59 61
63 25
63 29
63 33
63 37
63 41
63 45
63 49
63 53
63 57
63 61
4 4
6 6
8 8
10 10
12 12
14 14
16 16
18 18
20 20
22 22
24 24
26 26
28 28
30 30
32 32
34 34
36 36
38 38
40 40
42 42
21 95
22 95
23 95
24 95
25 95
44 90
44 91
44 92
44 93
44 94
15 18
15 25
15 32
15 39
15 46
15 53
15 60
55 89
45 89
53 90
40 85
55 99
95 95
95 87
52 89
50 91
50 87
54 87
54 91
54 92
80 1
86 3