# Team 120 large instance.
203
100
3
14
17 45
86 94
99 14
68 10
85 80
77 66
32 16
96 99
42 91
94 91
97 66
80 92
10 72
63 61
80 0
59 43
84 53
89 82
80 18
60 34
81 38
15 88
41 4
45 12
39 9
51 52
75 24
97 98
52 10
66 62
89 71
33 89
63 22
16 30
88 96
79 40
78 12
42 94
43 48
3 76
82 17
68 47
3 45
93 58
38 11
77 63
26 87
45 76
74 32
44 18
61 39
94 70
71 17
61 62
40 24
6 60
34 57
49 95
84 41
53 97
1 80
73 39
8 73
17 56
19 96
33 20
55 99
97 17
1 95
34 74
79 66
19 3
49 73
97 77
43 47
23 98
58 13
79 47
10 99
47 95
55 89
5 6
58 35
0 65
87 85
28 0
48 51
63 94
5 23
52 91
91 31
80 86
70 98
67 79
56 99
19 15
61 66
93 20
86 88
90 60
96 1
47 2
93 19
77 16
76 74
55 67
20 72
73 63
54 62
10 43
24 12
42 21
58 69
31 97
80 30
43 32
12 51
42 10
59 98
52 53
10 6
60 51
2 53
43 17
89 51
98 65
1 19
87 99
34 96
79 48
5 78
52 64
96 42
82 9
48 61
40 19
16 26
41 58
30 37
84 27
85 63
73 96
51 41
24 42
9 9
16 98
30 1
68 50
9 71
15 26
23 4
59 63
31 5
9 51
85 69
49 20
7 81
76 48
37 85
19 90
42 35
51 25
16 28
7 12
51 20
21 27
59 95
5 38
36 53
94 31
34 77
90 21
95 46
15 71
61 55
96 53
69 72
70 19
41 28
0 68
9 11
13 29
8 59
85 91
42 27
76 32
63 20
5 61
50 73
39 20
73 56
15 65
21 4
52 25
11 24
20 5
70 33
82 94
88 35
43 40
5 12
42 4
79 84