# Team 121 large instance.
198
100
3
14
1 1
1 6
1 11
1 12
1 13
1 15
1 19
1 21
1 22
1 89
1 99
2 61
2 63
2 89
2 97
3 23
3 60
3 62
3 63
3 68
3 88
3 91
3 96
4 23
4 36
4 38
4 41
4 86
5 35
5 37
5 39
5 40
5 58
5 68
5 85
6 34
6 69
6 70
6 93
7 25
7 33
8 32
8 71
9 25
9 55
10 30
10 53
10 54
10 74
11 11
11 26
11 28
11 53
11 83
12 44
12 52
12 84
12 97
13 10
13 14
13 44
13 54
13 76
14 44
14 55
14 78
15 45
15 55
16 7
16 18
16 45
16 57
16 56
17 37
17 38
18 5
18 36
18 39
18 44
18 57
19 21
20 4
21 6
21 33
21 57
22 24
22 33
22 57
22 96
23 8
23 31
23 95
24 30
24 57
25 44
26 11
26 22
26 29
26 57
27 46
27 92
28 48
28 57
29 14
29 49
30 30
30 50
30 52
30 54
30 88
31 24
31 38
31 39
31 51
31 53
31 54
32 38
33 85
34 34
34 36
35 35
36 24
36 83
37 24
38 23
38 24
40 82
42 17
42 23
47 17
49 82
51 19
52 29
54 38
55 48
56 56
57 69
58 82
86 15
90 24
91 28
91 45
92 35
93 19
93 33
93 40
93 46
93 50
93 56
93 61
93 74
93 86
94 26
94 90
94 92
95 82
95 86
95 88
96 13
96 83
96 92
97 19
97 20
97 24
97 25
97 26
97 27
97 28
97 29
97 31
97 33
97 34
97 35
97 38
97 41
97 42
97 43
97 49
97 50
97 51
97 52
97 53
97 54
97 55
97 56
97 61
97 63
97 64
97 65
97 66
97 67
97 69
97 72
97 75
97 78
97 81
98 85
99 15