# Team 122 large instance.
200
100
3
14
61 13
55 6
92 73
35 66
19 55
47 79
73 40
22 28
17 28
94 74
91 39
47 54
6 98
67 34
74 78
86 48
41 93
71 21
96 6
95 62
40 74
61 46
43 65
76 33
66 73
35 82
22 81
38 65
32 94
94 34
66 5
84 89
69 82
27 69
89 23
80 18
90 80
45 26
1 54
18 27
48 96
61 36
30 89
83 21
91 37
25 40
96 33
80 34
10 44
54 81
99 16
77 23
47 48
42 9
72 54
51 78
76 95
69 49
59 47
87 14
83 66
32 92
86 99
39 29
55 38
49 84
61 91
9 63
11 11
23 83
29 79
15 65
71 73
46 75
16 50
25 97
45 95
59 78
5 23
40 37
36 63
69 17
63 39
86 28
7 87
82 59
44 1
85 80
67 22
88 47
40 75
69 20
33 74
33 21
72 48
88 29
57 69
93 55
85 65
51 71
49 33
58 88
99 72
2 88
18 2
75 34
65 77
79 61
6 20
76 85
14 61
6 64
10 63
66 65
59 20
69 88
29 89
77 78
79 57
36 76
97 93
47 71
56 71
34 35
43 42
65 42
86 33
15 51
30 2
66 46
32 63
31 88
83 13
70 56
52 81
18 66
83 22
89 42
19 68
47 90
85 99
59 83
20 55
32 56
84 68
98 53
63 51
60 46
57 82
81 89
96 63
46 71
27 50
84 24
36 65
24 47
83 56
99 41
76 60
24 17
92 89
62 72
17 14
23 88
86 8
86 75
98 81
69 41
96 9
10 96
61 14
12 35
91 90
62 65
37 28
38 34
90 88
13 26
40 26
87 76
45 56
55 89
54 11
14 71
97 39
80 98
59 72
85 45
68 70
45 72
94 68
46 87
30 95
98 62
27 98
36 92
14 32
14 45
8 76
56 6