# Team 123 large instance.
200
100
3
14
8 0
8 1
8 2
8 3
8 4
8 5
8 6
8 7
8 8
8 9
8 10
8 11
8 12
8 13
8 14
8 15
8 16
8 17
8 18
8 19
8 20
8 21
8 22
8 23
8 24
8 25
8 26
8 27
8 28
8 29
8 30
8 31
8 32
8 33
8 34
8 35
8 36
8 37
8 38
8 39
8 40
8 41
8 42
8 43
8 44
8 45
8 46
8 47
8 48
8 49
8 50
8 51
8 52
8 53
8 54
8 55
8 56
8 57
8 58
8 59
8 60
8 61
8 62
8 63
8 64
8 65
8 66
8 67
8 68
8 69
8 70
8 71
8 72
8 73
8 74
8 75
8 76
8 77
8 78
8 79
8 80
8 81
8 82
8 83
8 84
8 85
8 86
8 87
8 88
8 89
8 90
8 91
8 92
8 93
8 94
8 95
8 96
8 97
8 98
8 99
25 0
25 1
25 2
25 3
25 4
25 5
25 6
25 7
25 8
25 9
25 10
25 11
25 12
25 13
25 14
25 15
25 16
25 17
25 18
25 19
25 20
25 21
25 22
25 23
25 24
25 25
25 26
25 27
25 28
25 29
25 30
25 31
25 32
25 33
25 34
25 35
25 36
25 37
25 38
25 39
25 40
25 41
25 42
25 43
25 44
25 45
25 46
25 47
25 48
25 49
25 50
25 51
25 52
25 53
25 54
25 55
25 56
25 57
25 58
25 59
25 60
25 61
25 62
25 63
25 64
25 65
25 66
25 67
25 68
25 69
25 70
25 71
25 72
25 73
25 74
25 75
25 76
25 77
25 78
25 79
25 80
25 81
25 82
25 83
25 84
25 85
25 86
25 87
25 88
25 89
25 90
25 91
25 92
25 93
25 94
25 95
25 96
25 97
25 98
25 99