# Team 124 large instance.
201
100
3
14
23 4
69 56
7 72
79 24
73 17
21 80
73 81
55 75
28 67
44 63
0 69
74 18
32 67
85 82
40 59
26 5
75 26
61 36
24 81
36 46
78 70
7 28
53 25
33 56
36 82
28 23
41 90
64 55
10 29
65 29
18 76
71 24
64 18
33 49
30 59
54 26
36 75
0 0
39 46
23 29
66 64
74 13
21 41
83 25
24 67
27 93
81 73
72 70
48 15
76 31
79 30
55 72
62 23
56 71
28 9
12 77
82 44
31 35
65 67
35 60
7 53
21 52
69 46
78 58
65 24
55 65
20 74
46 93
23 70
54 30
23 79
41 60
43 57
80 30
79 62
42 86
71 76
81 22
55 67
64 15
36 63
88 46
77 18
60 66
20 30
31 30
26 43
84 33
83 77
31 39
67 26
79 55
41 16
64 36
35 9
84 60
47 38
42 33
59 49
99 50
22 57
73 75
37 73
4 70
90 48
53 29
56 34
28 27
73 59
39 57
74 24
30 33
91 49
54 64
66 38
51 58
29 37
14 18
70 72
98 54
68 53
7 98
69 27
61 78
17 20
25 3
13 68
61 32
72 62
48 62
76 23
56 54
83 38
21 63
22 70
68 46
18 27
72 28
35 52
36 17
27 78
76 62
28 77
56 29
64 42
82 75
30 37
19 37
63 71
25 87
67 62
15 24
13 36
89 71
33 57
34 22
64 35
64 44
79 63
18 56
71 59
10 18
42 23
62 65
40 62
76 27
48 75
20 68
22 65
60 49
81 81
40 25
60 58
58 70
67 82
72 41
28 81
74 14
71 61
74 78
21 60
26 74
35 22
24 31
60 60
70 62
21 23
36 60
89 20
73 88
45 17
30 7
63 41
36 32
23 32
40 48
85 16
49 5
63 4
33 27
29 75