# Team 125 large instance.
203
100
3
14
23 4
87 7
57 91
49 23
73 17
16 84
10 98
47 7
31 93
92 79
82 56
82 65
76 79
26 69
18 1
19 39
15 87
47 9
9 56
48 38
97 31
83 14
57 59
15 53
9 19
52 81
14 42
77 55
35 83
73 76
34 5
91 57
71 88
45 78
48 95
10 56
14 72
31 88
29 36
48 49
66 64
58 26
43 7
38 57
49 57
61 40
65 31
7 78
53 84
1 46
58 10
30 70
14 83
20 44
92 30
7 44
49 4
80 37
70 45
62 7
2 84
10 97
16 28
90 96
29 77
37 60
48 35
63 88
38 34
54 85
23 70
60 9
46 56
70 84
27 79
59 29
72 56
79 7
55 49
96 32
19 29
54 69
63 81
95 33
77 27
46 58
80 87
16 51
10 65
25 63
42 79
70 95
76 19
2 15
82 69
30 31
25 81
20 60
91 56
62 84
31 14
25 99
49 29
39 82
86 78
85 58
97 23
5 68
78 74
83 70
80 16
58 25
14 89
61 76
87 40
41 18
88 5
67 37
88 69
62 50
44 60
62 4
5 98
51 31
17 45
8 42
3 46
38 77
63 21
20 80
63 30
58 9
36 24
2 65
36 97
56 45
81 10
8 26
61 96
68 74
39 77
46 92
63 23
80 57
20 18
15 31
64 88
99 55
42 76
76 71
38 8
85 92
3 56
28 49
43 31
11 97
41 34
78 62
94 58
1 34
61 0
93 7
13 54
55 87
80 22
87 46
76 9
57 14
41 27
83 42
65 91
95 16
35 93
15 90
47 67
87 85
88 50
4 78
0 45
65 2
70 87
99 13
63 48
99 77
11 74
6 53
83 90
43 81
40 9
31 6
61 50
16 27
54 20
26 46
87 96
77 24
62 51
17 83
74 80
97 45
87 53
5 44
24 24