# Team 126 large instance.
205
100
3
14
41 19
50 83
6 9
68 12
46 74
7 64
27 4
11 55
53 8
30 11
70 54
7 72
15 28
80 80
74 7
73 74
50 6
28 5
71 17
37 53
18 69
15 73
39 71
87 23
13 74
73 81
24 47
12 70
91 8
72 7
79 26
63 87
68 54
99 40
59 74
58 46
38 31
23 89
99 31
10 73
38 67
63 43
93 57
36 77
9 15
65 53
21 96
43 19
62 53
5 85
9 97
71 73
40 43
88 44
76 63
74 58
8 11
34 60
89 85
8 7
93 89
39 82
73 87
57 36
91 49
85 44
2 59
45 21
78 14
63 7
27 98
36 16
94 31
50 50
63 10
21 57
51 70
35 17
55 70
35 90
53 45
87 48
29 19
10 22
19 29
84 29
1 62
75 23
33 36
0 18
53 68
47 78
72 40
16 88
65 79
83 86
94 6
58 99
87 71
51 50
13 61
81 51
7 24
8 26
56 20
14 43
76 6
13 0
72 19
46 78
3 9
26 78
48 19
81 32
44 77
46 60
15 14
62 59
61 61
39 10
18 13
95 43
94 33
61 88
20 66
2 26
67 46
18 88
69 3
97 67
38 82
11 89
33 66
46 21
45 98
28 68
69 99
64 42
81 28
78 97
24 30
51 94
29 25
66 63
45 93
3 3
35 60
33 24
88 77
44 57
92 44
46 10
28 13
29 60
25 43
26 61
79 78
0 61
83 44
82 10
84 15
49 91
96 25
61 22
55 81
42 11
92 50
59 51
95 10
92 20
21 16
3 19
75 59
83 18
78 76
60 84
44 19
70 70
16 2
1 92
83 13
67 95
17 55
24 27
3 32
27 37
64 30
97 75
41 33
69 53
16 7
94 45
58 84
74 66
53 64
16 68
19 67
65 2
56 99
23 77
0 99
19 22
18 60
79 92
15 71