# Team 127 large instance.
195
100
3
14
0 99
1 98
1 97
2 98
2 97
6 99
5 98
5 97
4 98
4 97
0 93
1 94
2 94
1 95
2 95
6 93
5 94
4 94
5 95
4 95
3 96
29 99
30 98
30 97
31 98
31 97
35 99
34 98
34 97
33 98
33 97
29 93
30 94
31 94
30 95
31 95
35 93
34 94
33 94
34 95
33 95
32 96
58 99
59 98
59 97
60 98
60 97
64 99
63 98
63 97
62 98
62 97
58 93
59 94
60 94
59 95
60 95
64 93
63 94
62 94
63 95
62 95
61 96
0 64
1 63
1 62
2 63
2 62
6 64
5 63
5 62
4 63
4 62
0 58
1 59
2 59
1 60
2 60
6 58
5 59
4 59
5 60
4 60
3 61
29 64
30 63
30 62
31 63
31 62
35 64
34 63
34 62
33 63
33 62
29 58
30 59
31 59
30 60
31 60
35 58
34 59
33 59
34 60
33 60
32 61
58 64
59 63
59 62
60 63
60 62
64 64
63 63
63 62
62 63
62 62
58 58
59 59
60 59
59 60
60 60
64 58
63 59
62 59
63 60
62 60
61 61
0 29
1 28
1 27
2 28
2 27
6 29
5 28
5 27
4 28
4 27
0 23
1 24
2 24
1 25
2 25
6 23
5 24
4 24
5 25
4 25
3 26
29 29
30 28
30 27
31 28
31 27
35 29
34 28
34 27
33 28
33 27
29 23
30 24
31 24
30 25
31 25
35 23
34 24
33 24
34 25
33 25
32 26
58 29
59 28
59 27
60 28
60 27
64 29
63 28
63 27
62 28
62 27
58 23
59 24
60 24
59 25
60 25
64 23
63 24
62 24
63 25
62 25
61 26
99 0
99 1
99 2
99 3
99 4
99 5