# Team 128 large instance.
200
100
3
14
45 27
29 39
40 47
82 5
86 59
90 83
21 45
98 25
49 46
1 73
12 50
58 48
47 60
64 49
55 42
15 30
65 26
42 21
72 81
91 76
68 32
43 35
86 12
64 61
18 16
28 99
84 17
40 70
56 62
16 93
82 8
30 10
84 13
48 90
14 73
49 16
43 99
94 2
85 1
69 66
21 32
81 15
26 85
43 51
73 10
54 39
41 18
9 79
88 0
8 17
17 7
20 92
85 55
42 75
78 84
77 63
78 94
7 42
51 93
70 41
1 56
74 3
66 25
83 85
24 86
37 71
12 5
57 25
70 98
55 35
14 98
62 46
1 49
71 11
72 80
19 75
14 45
11 58
3 30
7 23
64 97
97 32
49 96
52 94
5 51
83 8
72 79
34 87
43 4
76 30
7 6
7 24
39 14
18 24
90 33
82 69
97 19
62 28
68 2
39 11
13 2
81 79
62 99
59 19
72 29
90 22
28 10
9 6
3 74
20 44
83 94
22 73
9 65
59 16
79 79
96 98
98 12
14 85
71 27
49 22
80 5
91 28
84 46
95 85
55 67
33 25
96 38
92 38
7 77
68 1
52 37
78 23
42 96
53 63
42 18
86 71
45 8
58 10
17 30
49 19
84 8
25 47
48 30
53 16
76 21
83 39
41 65
69 81
25 52
95 74
46 73
73 57
85 88
72 73
6 78
56 20
83 83
86 90
3 85
87 26
8 87
57 16
73 3
35 8
66 17
91 64
96 16
82 54
60 21
36 8
3 37
48 2
41 47
27 54
84 4
72 34
47 25
16 31
90 7
6 77
89 65
53 91
17 66
4 3
70 46
98 75
76 58
53 56
37 10
29 24
53 64
38 67
78 68
45 1
14 96
29 17
34 39
12 59
3 14
40 28