# Team 129 large instance.
200
100
3
14
0 0
3 0
6 0
9 0
12 0
15 0
18 0
21 0
24 0
27 0
30 0
33 0
36 0
39 0
42 0
45 0
48 0
51 0
54 0
57 0
60 0
63 0
66 0
69 0
72 0
75 0
78 0
81 0
84 0
87 0
90 0
93 0
96 0
0 3
3 3
6 3
9 3
12 3
15 3
18 3
21 3
24 3
27 3
30 3
33 3
36 3
39 3
42 3
45 3
48 3
51 3
54 3
57 3
60 3
63 3
66 3
69 3
72 3
75 3
78 3
81 3
84 3
87 3
90 3
93 3
96 3
0 6
3 6
6 6
9 6
12 6
15 6
18 6
21 6
24 6
27 6
30 6
33 6
36 6
39 6
42 6
45 6
48 6
51 6
54 6
57 6
60 6
63 6
66 6
69 6
72 6
75 6
78 6
81 6
84 6
87 6
90 6
93 6
96 6
0 9
3 9
6 9
9 9
12 9
15 9
18 9
21 9
24 9
27 9
30 9
33 9
36 9
39 9
42 9
45 9
48 9
51 9
54 9
57 9
60 9
63 9
66 9
69 9
72 9
75 9
78 9
81 9
84 9
87 9
90 9
93 9
96 9
0 12
3 12
6 12
9 12
12 12
15 12
18 12
21 12
24 12
27 12
30 12
33 12
36 12
39 12
42 12
45 12
48 12
51 12
54 12
57 12
60 12
63 12
66 12
69 12
72 12
75 12
78 12
81 12
84 12
87 12
90 12
93 12
96 12
0 15
3 15
6 15
9 15
12 15
15 15
18 15
21 15
24 15
27 15
30 15
33 15
36 15
39 15
42 15
45 15
48 15
51 15
54 15
57 15
60 15
63 15
66 15
69 15
72 15
75 15
78 15
81 15
84 15
87 15
90 15
93 15
96 15
0 18
3 18