# Team 130 large instance.
196
100
3
14
53 14
87 80
16 93
90 97
34 74
61 70
53 32
30 64
94 67
93 77
9 72
69 31
4 94
75 26
46 75
49 7
41 24
67 43
81 41
30 66
17 14
91 82
52 8
66 7
46 59
28 87
98 14
60 94
59 96
86 58
8 32
13 28
16 79
34 60
45 5
76 38
22 3
25 91
53 18
45 69
48 22
87 84
68 52
45 32
0 9
43 62
80 90
50 22
60 87
79 12
70 43
73 5
45 53
24 85
50 49
56 62
24 94
74 43
46 91
56 16
54 28
2 54
38 50
32 64
43 64
49 4
44 72
90 5
79 69
8 27
55 56
56 64
82 92
0 50
60 9
5 73
94 11
0 68
41 69
80 85
44 1
79 7
50 90
43 84
8 29
45 48
96 41
79 89
0 43
2 40
60 57
63 35
41 62
1 22
97 39
1 16
33 30
40 8
82 23
97 69
20 23
38 93
94 15
49 47
18 96
18 41
10 3
53 38
58 34
1 64
61 30
25 10
63 3
0 84
80 0
87 79
21 24
84 92
95 92
59 17
32 63
44 62
19 8
35 4
13 4
91 33
20 46
11 86
40 12
60 45
2 92
0 40
32 93
39 22
18 27
13 43
44 46
32 56
81 40
60 72
24 43
64 33
98 10
36 26
36 90
72 55
10 80
2 76
90 79
37 61
40 78
78 62
90 36
21 28
81 42
55 32
22 29
90 8
83 33
76 91
57 23
12 0
66 35
75 38
44 32
46 87
18 77
6 23
38 92
15 90
53 19
47 12
18 40
48 41
74 5
48 50
11 10
47 39
12 39
86 61
21 5
83 53
70 53
24 40
56 8
44 52
71 36
2 55
56 90
74 16
34 99
60 90
66 21
46 82
75 97
3 56