# Team 131 large instance.
200
100
3
14
86 93
95 90
52 58
6 40
44 5
88 49
46 6
45 32
8 65
65 16
21 83
71 41
44 51
27 18
31 81
90 58
88 50
69 25
87 89
54 14
96 58
64 74
83 33
89 47
33 64
27 6
97 35
50 26
40 26
57 93
66 15
81 55
17 59
22 39
65 59
11 65
27 75
74 2
22 48
22 80
78 2
41 34
31 3
16 6
85 93
27 3
85 5
5 35
33 51
13 96
10 71
32 66
72 46
85 49
43 69
85 47
35 99
87 16
11 89
24 48
47 84
41 83
94 71
99 81
50 63
82 85
99 51
80 12
15 15
16 37
86 22
2 58
17 66
31 89
4 16
64 59
3 47
3 57
74 4
24 59
65 57
50 50
99 1
6 12
34 33
76 88
11 2
74 35
37 87
87 36
18 94
35 44
72 31
71 83
73 22
61 60
63 16
72 19
79 45
86 1
73 76
99 58
90 39
92 96
60 60
91 69
94 36
68 55
82 3
46 23
8 35
79 71
12 45
29 1
91 31
71 7
62 86
41 23
76 20
64 82
12 85
3 56
39 63
38 3
3 63
74 50
89 70
40 34
8 15
30 47
5 64
8 13
45 50
80 38
50 44
65 84
14 50
66 84
35 69
66 17
66 36
97 41
91 76
9 69
38 76
45 47
69 12
46 25
92 74
7 0
94 49
69 92
73 82
77 73
84 7
41 86
18 90
25 9
35 96
12 38
2 70
50 8
77 37
12 86
79 55
20 87
93 62
55 21
25 38
4 2
15 77
87 10
1 88
36 39
38 11
74 65
43 40
59 6
39 79
26 26
78 79
35 31
40 81
66 54
28 31
18 49
70 19
43 84
82 31
6 68
44 26
70 96
87 19
90 76
70 45
71 74
44 70
37 36
28 89
57 67