# Team 132 large instance.
199
100
3
14
32 59
95 57
0 9
37 79
31 5
35 84
51 18
66 16
22 21
5 71
87 30
7 76
48 26
97 18
99 50
90 51
40 91
7 64
39 64
97 84
5 64
36 86
78 88
61 46
52 50
48 93
67 23
5 54
43 58
29 88
69 45
20 67
1 68
55 51
70 32
37 77
40 44
28 33
98 10
93 5
33 50
63 10
51 96
14 50
23 97
46 68
18 41
78 74
58 64
98 35
62 9
41 31
19 79
51 84
39 98
27 56
85 14
34 35
1 4
90 53
49 38
66 90
52 26
18 38
56 62
99 69
29 81
63 2
87 62
40 8
25 73
2 22
99 72
48 83
8 10
50 87
16 87
39 67
97 97
7 2
53 1
43 88
80 51
69 34
70 23
87 78
41 24
12 19
12 43
58 13
31 83
13 6
6 74
86 51
8 48
72 56
62 89
87 3
8 28
11 3
12 41
2 60
78 53
6 90
51 24
17 61
62 7
26 25
48 35
72 31
9 35
65 7
81 5
95 28
20 18
52 75
16 96
51 32
45 13
33 33
9 62
91 53
1 11
56 36
40 15
35 18
49 77
41 4
72 46
64 94
81 70
89 56
75 39
18 83
37 40
36 29
21 42
8 29
41 32
82 73
23 30
63 93
76 73
94 20
15 22
2 13
53 48
59 79
7 63
70 56
71 54
58 24
87 77
87 5
31 29
73 17
33 9
63 11
30 12
48 30
48 5
88 74
62 46
24 20
38 67
80 39
43 32
22 27
68 28
1 5
21 77
94 46
91 52
32 37
11 61
13 7
12 72
70 25
51 65
66 44
48 32
60 17
63 22
5 22
64 0
54 72
34 54
32 81
42 89
90 94
12 67
73 76
52 38
40 92
30 83
77 17
18 45
72 64
78 60