# Team 133 large instance.
200
100
3
14
0 15
1 3
1 5
1 14
1 35
1 43
1 44
1 51
2 18
2 67
2 92
3 18
3 30
3 50
4 8
4 17
4 19
4 21
4 20
4 55
4 59
4 79
4 80
5 78
5 79
6 23
6 65
6 70
6 88
7 24
7 51
7 70
7 79
7 85
8 10
8 39
9 63
9 68
10 12
10 19
10 26
10 45
10 46
11 14
11 73
11 76
12 17
12 60
12 64
12 96
13 32
13 34
14 20
14 26
14 58
15 47
15 90
16 53
16 54
17 20
17 69
17 96
18 33
18 39
18 83
19 48
19 63
19 71
20 32
20 43
20 61
20 62
21 22
21 67
21 71
21 86
22 38
22 60
22 62
22 78
23 36
23 41
23 66
23 88
24 42
24 59
24 93
25 31
25 33
25 42
25 52
25 78
25 92
26 27
26 30
26 48
26 74
27 79
27 96
28 32
28 41
28 59
28 69
28 86
29 61
29 99
30 83
30 97
31 38
31 71
31 79
31 88
32 37
32 76
32 91
33 81
35 62
36 42
38 43
38 84
39 61
39 77
39 80
40 42
40 45
40 54
40 64
40 86
40 88
41 72
41 87
41 95
43 58
43 98
44 50
44 62
44 91
44 92
45 53
45 87
46 50
46 58
46 98
47 63
47 94
48 55
48 57
48 58
48 60
48 87
48 97
50 60
50 71
50 80
51 94
52 57
52 99
54 93
55 68
55 69
56 59
56 73
57 81
57 88
58 83
59 60
59 83
59 98
61 98
63 77
64 66
64 85
64 88
65 73
66 73
67 80
68 74
68 85
73 98
74 81
74 89
78 79
78 98
79 80
79 88
79 97
80 90
81 95
82 85
82 89
82 94
82 98
84 93
86 97
87 93
89 90
89 91
90 94
90 99
91 99