# Team 134 large instance.
200
100
3
14
80 75
38 12
51 40
72 71
98 36
16 80
7 8
0 56
32 56
46 31
90 49
27 75
56 32
93 63
92 33
64 34
3 2
38 72
92 69
25 50
20 93
8 73
53 2
34 41
16 68
43 97
48 83
53 25
71 11
30 57
53 88
5 80
70 12
24 38
71 50
84 73
42 99
44 10
39 73
81 21
56 55
59 54
37 12
20 30
17 51
2 64
44 58
34 46
89 67
24 59
4 76
3 69
5 62
71 24
79 95
97 39
73 31
71 20
80 40
11 33
37 59
97 30
83 97
51 80
66 22
13 87
86 61
13 54
4 20
74 46
36 88
30 45
12 9
34 64
62 95
28 27
48 10
25 28
38 10
47 19
12 76
65 41
43 0
17 62
74 15
43 20
21 99
42 49
70 90
60 19
13 66
85 50
68 54
42 14
61 13
77 79
38 59
46 80
53 0
15 92
1 37
6 44
2 37
55 95
56 93
66 64
35 42
21 20
82 78
20 81
9 44
16 74
71 63
47 62
60 41
9 58
87 84
67 30
57 6
12 91
56 43
71 2
0 13
38 76
63 30
71 30
48 81
60 44
32 93
14 60
27 73
90 40
84 70
48 86
47 78
87 79
53 68
44 63
97 17
49 44
18 73
26 44
35 59
43 67
84 48
60 34
15 76
63 77
34 3
68 55
33 83
40 6
87 20
39 22
69 85
60 97
83 58
37 99
49 21
93 36
81 74
48 21
42 56
18 78
16 76
47 53
7 1
54 6
50 13
8 26
99 0
81 60
64 68
65 38
24 96
86 98
97 95
50 75
18 42
14 91
44 71
15 10
85 10
25 27
47 52
57 36
17 13
26 89
8 55
57 98
58 74
5 84
13 51
32 29
73 55
21 49
0 19
69 18
88 16
21 85