# Team 135 large instance.
205
100
3
14
58 56
6 18
18 72
53 14
24 97
35 42
64 23
62 90
3 13
56 83
85 64
5 19
97 38
46 2
38 7
52 33
43 30
60 46
75 99
4 57
42 41
18 74
32 39
49 89
4 66
87 73
44 47
71 31
64 80
97 31
12 27
3 79
86 95
82 58
46 59
23 36
61 20
86 49
66 80
24 10
40 6
41 90
26 80
35 28
67 63
89 72
42 52
27 63
94 16
58 81
51 20
92 92
26 18
62 23
57 36
36 68
46 36
23 86
38 4
55 38
49 4
61 97
63 70
18 80
47 61
47 70
12 70
86 19
28 2
60 64
57 47
4 20
37 87
50 17
33 65
13 62
10 8
66 77
36 91
26 68
98 29
87 63
65 81
46 31
77 64
23 17
70 13
15 43
87 93
16 51
15 61
89 44
2 6
45 41
18 2
62 2
0 18
27 44
93 99
93 44
7 75
46 24
99 30
73 84
31 78
77 75
23 74
63 37
98 52
87 31
33 60
69 25
38 56
53 38
89 37
58 34
22 50
70 51
46 81
36 58
60 43
0 93
95 83
77 77
15 93
18 25
29 37
78 21
89 30
47 24
32 72
18 52
56 45
45 45
17 93
73 6
81 74
76 87
54 2
51 97
80 57
48 89
68 37
50 53
98 47
81 40
58 84
76 62
31 48
42 30
68 85
14 59
50 55
89 71
66 51
52 61
87 28
80 77
33 57
91 10
33 66
34 31
90 72
99 20
31 50
22 47
19 85
30 30
62 65
58 43
31 4
9 47
41 45
12 73
27 55
59 69
73 95
39 93
39 38
30 5
0 1
19 69
8 14
34 33
53 46
29 46
76 11
9 77
38 3
48 77
18 6
38 21
6 16
80 54
23 66
38 30
70 62
13 49
59 16
53 30
27 75
57 55
48 61
11 21
66 21