# Team 136 large instance.
200
100
3
14
1 1
1 5
1 10
1 15
1 20
1 25
1 30
1 35
1 40
1 45
1 50
1 55
1 60
1 65
1 70
1 75
1 80
1 85
1 90
1 95
5 1
5 5
5 10
5 15
5 20
5 25
5 30
5 35
5 40
5 45
5 50
5 55
5 60
5 65
5 70
5 75
5 80
5 85
5 90
5 95
10 1
10 5
10 10
10 15
10 20
10 25
10 30
10 35
10 40
10 45
10 50
10 55
10 60
10 65
10 70
10 75
10 80
10 85
10 90
10 95
15 1
15 5
15 10
15 15
15 20
15 25
15 30
15 35
15 40
15 45
15 50
15 55
15 60
15 65
15 70
15 75
15 80
15 85
15 90
15 95
20 1
20 5
20 10
20 15
20 20
20 25
20 30
20 35
20 40
20 45
20 50
20 55
20 60
20 65
20 70
20 75
20 80
20 85
20 90
20 95
25 1
25 5
25 10
25 15
25 20
25 25
25 30
25 35
25 40
25 45
25 50
25 55
25 60
25 65
25 70
25 75
25 80
25 85
25 90
25 95
30 1
30 5
30 10
30 15
30 20
30 25
30 30
30 35
30 40
30 45
30 50
30 55
30 60
30 65
30 70
30 75
30 80
30 85
30 90
30 95
35 1
35 5
35 10
35 15
35 20
35 25
35 30
35 35
35 40
35 45
35 50
35 55
35 60
35 65
35 70
35 75
35 80
35 85
35 90
35 95
40 1
40 5
40 10
40 15
40 20
40 25
40 30
40 35
40 40
40 45
40 50
40 55
40 60
40 65
40 70
40 75
40 80
40 85
40 90
40 95
45 1
45 5
45 10
45 15
45 20
45 25
45 30
45 35
45 40
45 45
45 50
45 55
45 60
45 65
45 70
45 75
45 80
45 85
45 90
45 95