# Team 137 large instance.
205
100
3
14
52 43
50 45
71 1
47 73
19 24
27 24
36 8
37 56
78 28
32 33
73 96
4 54
72 4
78 66
41 65
73 54
66 36
82 77
86 60
40 45
86 69
68 72
82 69
95 26
40 9
47 61
46 43
27 5
0 73
9 83
45 35
52 7
92 59
59 61
2 25
73 28
40 43
79 74
4 55
22 35
45 31
19 90
19 16
57 91
33 53
43 60
60 60
64 12
17 54
83 27
14 93
49 74
17 65
8 14
99 47
1 2
69 84
90 12
10 80
87 6
38 61
58 43
86 0
63 59
83 60
83 66
76 34
99 49
16 18
63 11
97 44
3 79
92 74
27 93
57 33
29 26
95 91
79 97
86 21
22 9
33 43
98 58
20 64
27 15
80 99
28 33
50 87
86 56
54 6
13 25
84 1
62 43
71 89
21 89
41 20
48 75
49 7
30 58
68 76
10 37
15 9
53 45
61 87
80 83
27 49
34 94
66 45
78 68
31 14
71 75
80 19
89 61
69 36
25 86
62 60
60 38
40 49
76 30
74 32
84 88
63 12
85 72
18 36
76 31
22 17
75 60
64 8
40 14
56 92
52 34
84 64
31 88
19 36
39 80
10 54
85 9
47 23
89 83
24 13
9 62
3 71
64 4
40 62
49 5
55 34
18 48
87 72
58 13
83 61
87 90
81 91
74 6
33 58
20 88
3 34
29 53
71 72
57 94
29 32
13 98
96 23
50 19
12 31
13 22
89 72
23 11
41 37
47 44
81 46
57 51
75 27
40 0
78 53
81 6
69 99
2 21
79 39
2 44
86 24
31 65
71 84
55 68
5 25
76 59
91 96
78 63
64 2
41 78
86 51
20 24
8 61
56 57
28 13
65 30
74 23
34 37
70 77
53 48
88 78
27 72
28 17
6 49
35 22
6 88
78 96