# Team 138 large instance.
200
100
3
14
99 77
72 12
87 32
76 99
21 54
75 28
68 82
67 41
10 41
93 13
90 51
2 52
20 95
81 19
44 79
98 9
15 18
69 26
76 32
69 34
94 31
0 29
92 15
4 64
22 87
61 34
51 47
2 53
54 28
69 1
19 33
11 57
25 13
35 67
53 48
64 74
45 17
63 69
12 3
82 29
17 57
54 80
73 16
84 71
82 87
7 50
77 30
23 49
66 94
35 76
29 92
47 35
66 31
23 17
18 90
66 95
3 76
45 86
21 20
43 10
26 41
1 32
86 38
88 89
97 19
67 89
67 45
18 85
5 57
93 6
58 16
36 85
18 7
10 58
92 11
87 40
26 38
47 67
77 36
23 36
15 23
32 37
93 71
28 56
26 24
35 61
68 80
56 56
79 31
24 5
11 16
93 42
58 21
11 13
67 47
54 12
81 30
86 30
21 66
12 74
95 7
35 53
74 1
9 95
28 7
88 31
94 66
55 39
0 75
75 32
57 97
66 89
72 86
42 79
3 50
98 4
9 81
84 97
23 9
81 34
87 41
89 16
82 94
11 53
61 74
6 71
69 6
1 46
14 89
55 43
38 91
81 55
99 32
19 49
58 46
43 38
21 84
22 33
38 16
40 50
62 27
22 18
92 34
8 56
51 18
21 8
56 45
23 18
93 97
73 64
37 69
56 28
26 77
3 31
85 79
72 5
1 49
2 56
47 76
70 99
84 76
7 54
5 4
12 90
28 31
87 18
52 46
4 83
91 94
12 96
8 69
0 52
51 16
37 24
24 87
70 82
59 46
35 27
20 33
52 70
70 69
91 90
41 70
41 97
9 42
24 32
0 8
77 44
51 39
19 31
18 58
26 0
31 20
47 63
13 85
38 98
89 86
15 40
51 91
81 95