# Team 139 large instance.
198
100
3
14
40 17
62 4
60 67
36 93
15 50
61 85
46 68
89 31
99 5
19 96
63 13
97 83
23 17
87 35
89 13
70 13
58 97
8 15
98 45
2 76
60 87
85 32
95 73
26 53
59 14
85 73
89 52
81 83
76 97
9 66
53 9
15 74
29 9
80 29
21 37
71 80
24 3
42 75
75 42
41 19
59 0
87 43
15 3
49 78
23 43
38 71
4 14
23 62
85 65
8 30
53 77
87 56
78 68
67 19
95 5
67 34
17 95
98 52
23 56
45 96
86 92
60 12
0 89
62 54
80 13
48 58
5 74
12 96
23 73
48 69
36 18
71 32
63 42
58 69
72 22
23 25
2 33
25 74
76 10
67 58
85 83
34 66
14 51
41 60
31 27
93 68
0 16
66 32
1 52
53 96
2 89
93 51
18 24
90 72
86 7
92 67
26 11
3 54
78 50
64 33
35 53
91 99
5 76
84 57
39 60
51 37
16 31
96 70
15 89
35 20
15 31
86 3
49 26
17 81
39 46
92 71
13 37
21 56
27 78
22 62
86 89
53 43
12 82
9 84
55 24
29 26
1 49
4 81
36 80
56 24
51 22
1 84
64 30
13 1
36 26
72 20
29 75
99 47
74 62
45 91
91 7
20 11
99 29
38 96
21 81
33 6
80 7
95 9
54 10
20 25
32 14
43 92
7 63
30 82
28 67
9 38
81 15
0 20
1 48
82 73
47 58
85 69
31 74
58 73
53 12
0 80
3 38
77 18
21 43
34 11
39 56
7 77
52 53
75 18
2 65
24 90
65 54
36 49
32 97
60 51
89 41
88 5
95 64
29 53
46 1
91 75
27 17
48 68
54 27
98 16
87 58
62 24
49 95
36 64
42 13
43 88
36 37
38 80