# Team 140 large instance.
200
100
3
14
41 35
80 13
57 19
14 40
68 34
37 73
33 82
33 27
52 41
45 70
29 70
26 67
70 81
10 18
30 92
12 80
67 14
51 43
56 84
21 11
70 13
79 78
77 33
83 54
70 39
34 99
75 95
48 52
78 58
34 54
71 53
77 6
7 91
27 7
87 16
39 52
55 13
2 83
19 86
73 23
73 66
30 56
48 74
88 1
34 10
61 90
45 25
67 90
14 8
49 28
88 68
17 34
87 34
25 69
21 75
43 90
14 58
29 71
37 37
94 45
29 50
1 29
97 99
19 2
24 90
84 28
57 94
63 35
14 86
3 14
45 64
90 44
84 13
32 95
44 48
9 91
41 26
99 5
7 53
4 6
4 1
72 45
47 44
57 58
78 47
11 94
45 6
52 86
30 57
52 2
17 44
53 56
67 86
99 96
8 68
56 16
49 79
71 39
92 71
17 85
37 48
6 6
3 83
83 47
93 45
52 59
59 67
33 46
73 95
73 36
95 29
55 58
0 99
1 99
34 34
13 0
92 8
53 54
36 14
59 56
60 94
55 31
83 0
76 50
58 65
54 40
9 99
69 37
72 76
91 92
14 44
22 66
74 33
78 15
49 44
82 23
95 82
57 99
66 93
77 9
0 1
85 1
61 31
70 19
60 53
77 99
94 89
23 87
42 73
71 81
67 79
54 61
85 4
97 18
97 4
63 12
60 21
3 98
7 52
15 36
84 16
90 95
69 32
34 76
42 53
4 87
18 44
98 83
13 13
28 72
33 17
50 37
58 99
2 15
60 55
70 22
50 46
69 87
15 93
72 71
34 69
13 32
64 19
69 0
68 94
71 71
66 65
65 32
51 97
31 47
85 91
78 51
76 64
45 80
77 52
25 53
3 6
2 9
36 57
11 10