# Team 141 large instance.
196
100
3
14
2 40
48 41
68 15
51 32
8 27
35 64
99 4
13 86
86 84
70 79
7 60
1 95
12 85
32 31
71 36
53 25
48 20
82 35
28 65
66 83
33 28
13 58
68 11
38 62
14 8
30 75
56 39
7 41
60 45
7 82
80 13
48 78
26 78
7 40
34 24
97 11
97 20
61 78
65 3
27 14
23 85
67 78
21 69
13 74
95 15
97 37
98 48
0 50
0 85
79 30
67 11
9 3
92 28
74 46
51 48
79 63
39 77
92 65
89 66
0 59
72 35
24 92
32 61
21 12
19 45
14 78
56 57
97 51
25 26
82 31
4 92
74 91
35 90
33 92
89 20
3 60
4 55
60 90
16 90
59 5
17 38
55 92
62 58
32 70
61 4
76 61
46 63
73 9
91 78
52 82
57 86
53 72
32 29
84 17
5 72
32 36
81 90
82 17
91 72
53 37
98 24
93 5
30 89
40 74
82 93
32 51
86 92
13 52
81 66
22 57
70 58
90 85
39 87
6 39
45 6
14 26
92 62
77 40
23 60
70 0
22 54
98 27
16 66
68 53
61 73
40 16
81 47
31 76
42 86
34 82
52 34
98 58
80 74
12 98
88 81
27 33
75 36
14 51
47 62
46 48
16 85
6 99
75 11
84 47
20 77
90 94
88 96
14 18
94 22
97 90
62 92
32 84
8 6
37 20
9 98
49 78
78 87
96 48
11 83
72 34
84 93
69 74
96 64
67 65
36 15
26 71
70 21
73 41
89 6
16 30
53 11
6 58
56 84
93 67
27 8
89 31
32 75
42 22
76 29
70 75
20 54
92 93
31 5
43 63
89 37
81 89
17 98
95 23
12 29
98 66
27 65
82 11
1 78
79 40
3 84
7 61