# Team 142 large instance.
195
100
3
14
13 33
50 52
19 46
45 65
15 39
16 93
55 84
8 64
0 5
22 35
76 79
49 62
58 95
46 75
49 71
29 68
68 84
13 81
35 99
34 67
24 44
90 99
22 74
16 40
70 75
33 56
29 34
12 27
45 94
6 41
23 27
47 91
21 48
66 80
57 77
35 74
50 93
16 79
96 99
24 92
19 41
2 89
81 89
17 44
50 56
6 98
91 93
67 93
66 73
49 66
5 96
12 47
1 19
42 91
8 43
90 94
49 78
10 49
44 51
10 58
52 67
5 25
52 76
50 88
38 68
61 97
2 20
65 88
90 96
5 55
82 92
0 59
66 77
60 91
8 20
10 26
39 62
62 64
11 89
68 95
5 57
45 75
56 75
3 14
20 30
14 78
43 68
14 32
23 99
1 7
27 35
45 50
0 27
1 89
47 56
64 72
22 66
28 61
21 77
15 91
87 95
67 92
89 92
42 72
42 81
61 94
10 21
11 84
31 62
10 94
29 83
13 96
21 24
14 18
7 98
18 98
59 81
86 98
42 74
36 88
13 68
10 14
17 84
33 71
22 43
93 94
63 69
49 88
23 69
6 28
60 63
13 98
27 60
4 74
35 52
78 87
67 87
30 65
10 62
16 57
36 90
5 20
3 96
8 92
75 91
17 49
4 58
40 87
10 46
52 61
34 77
18 38
1 52
42 69
8 76
42 78
11 72
28 88
8 85
5 86
62 65
28 97
40 62
28 42
54 70
32 33
26 90
72 87
27 64
7 40
33 68
22 40
5 88
30 87
19 96
68 80
14 54
13 31
16 27
36 60
78 84
72 98
70 80
11 58
31 91
22 88
44 70
0 3
17 83
34 44
31 54
65 86
5 99
29 66
38 78