# Team 144 large instance.
200
100
3
14
0 80
0 81
1 80
1 81
2 80
2 81
3 80
3 81
4 80
4 81
5 80
5 81
6 80
6 81
7 80
7 81
8 80
8 81
9 80
9 81
10 80
10 81
11 80
11 81
12 80
12 81
13 80
13 81
14 80
14 81
15 80
15 81
16 80
16 81
17 80
17 81
18 80
18 81
19 80
19 81
20 80
20 81
21 80
21 81
22 80
22 81
23 80
23 81
24 80
24 81
25 80
25 81
26 80
26 81
27 80
27 81
28 80
28 81
29 80
29 81
30 80
30 81
31 80
31 81
32 80
32 81
33 80
33 81
34 80
34 81
35 80
35 81
36 80
36 81
37 80
37 81
38 80
38 81
39 80
39 81
40 80
40 81
41 80
41 81
42 80
42 81
43 80
43 81
44 80
44 81
45 80
45 81
46 80
46 81
47 80
47 81
48 80
48 81
49 80
49 81
50 80
50 81
51 80
51 81
52 80
52 81
53 80
53 81
54 80
54 81
55 80
55 81
56 80
56 81
57 80
57 81
58 80
58 81
59 80
59 81
60 80
60 81
61 80
61 81
62 80
62 81
63 80
63 81
64 80
64 81
65 80
65 81
66 80
66 81
67 80
67 81
68 80
68 81
69 80
69 81
70 80
70 81
71 80
71 81
72 80
72 81
73 80
73 81
74 80
74 81
75 80
75 81
76 80
76 81
77 80
77 81
78 80
78 81
79 80
79 81
80 80
80 81
81 80
81 81
82 80
82 81
83 80
83 81
84 80
84 81
85 80
85 81
86 80
86 81
87 80
87 81
88 80
88 81
89 80
89 81
90 80
90 81
91 80
91 81
92 80
92 81
93 80
93 81
94 80
94 81
95 80
95 81
96 80
96 81
97 80
97 81
98 80
98 81
99 80
99 81