# Team 145 large instance.
200
100
3
14
29 47
71 24
56 21
12 47
27 96
74 10
21 17
21 40
18 51
56 63
93 88
78 92
11 93
15 6
31 69
62 49
51 51
6 77
26 26
47 12
24 53
11 67
44 47
36 67
29 45
70 59
74 36
26 66
97 29
48 28
24 67
34 8
89 86
20 24
51 21
14 89
23 28
54 49
74 34
18 30
91 84
18 59
37 41
23 8
51 10
59 34
90 75
47 48
10 9
48 33
27 19
5 54
26 69
50 92
32 50
91 87
78 14
18 60
88 23
9 74
62 42
36 87
81 14
35 96
80 78
16 23
85 91
21 34
78 2
24 38
11 68
7 49
20 70
70 10
8 95
50 48
56 18
97 15
18 56
53 96
57 72
67 17
6 99
11 72
36 6
96 89
97 59
61 14
98 32
56 98
60 13
89 38
53 3
75 62
59 80
86 28
27 29
92 61
1 36
64 67
64 87
92 6
47 26
36 70
58 41
89 83
41 7
85 29
44 72
86 61
42 64
24 75
37 88
92 19
96 92
9 65
77 67
86 51
4 71
20 97
95 62
7 8
61 53
8 76
17 89
61 60
62 25
6 97
2 62
76 33
98 93
59 53
73 46
1 58
11 73
94 41
52 80
89 21
20 39
58 78
30 86
44 1
58 3
13 11
56 90
29 13
8 22
83 67
37 22
70 70
84 27
38 17
79 75
28 92
89 78
37 54
47 51
66 2
24 49
2 71
71 14
63 71
44 11
50 99
63 14
46 96
33 10
95 1
25 9
89 59
82 17
88 87
10 45
39 3
26 68
17 76
9 63
2 8
36 10
77 33
37 48
87 24
14 53
75 28
22 67
63 97
17 79
75 46
95 12
73 42
14 47
83 81
10 96
42 43
65 13
24 36
28 87
70 15
64 24
84 94