# Team 146 large instance.
200
100
3
14
31 5
51 64
99 38
67 46
1 72
22 12
12 60
87 74
8 90
95 47
60 39
37 44
44 20
41 95
19 23
15 19
33 81
81 55
35 52
92 94
3 43
39 42
74 96
63 61
42 1
86 92
55 85
34 89
14 87
43 29
57 7
61 31
18 65
79 50
71 2
89 32
88 56
23 45
49 83
20 0
24 76
54 28
76 8
93 54
64 88
50 35
85 84
66 30
84 34
7 67
38 14
70 13
29 4
56 73
9 25
69 6
82 80
21 3
0 86
52 9
27 18
94 75
68 99
53 82
59 48
80 69
40 68
58 49
13 21
72 41
90 66
62 11
73 51
5 10
25 62
11 16
97 63
2 53
16 24
26 40
96 70
36 57
28 15
45 71
48 33
47 98
6 36
46 27
10 59
77 17
98 93
30 79
65 78
17 37
4 97
75 58
32 22
83 26
78 91
91 77
31 77
51 91
99 26
67 22
1 58
22 97
12 37
87 78
8 79
95 93
60 17
37 59
44 27
41 36
19 98
15 33
33 71
81 15
35 57
92 70
3 40
39 24
74 53
63 63
42 16
86 62
55 10
34 51
14 11
43 66
57 41
61 21
18 49
79 68
71 69
89 48
88 82
23 99
49 75
20 18
24 9
54 86
76 3
93 80
64 6
50 25
85 73
66 4
84 13
7 14
38 67
70 34
29 30
56 84
9 35
69 88
82 54
21 8
0 28
52 76
27 0
94 83
68 45
53 56
59 32
80 2
40 50
58 65
13 31
72 7
90 29
62 87
73 89
5 85
25 92
11 1
97 61
2 96
16 42
26 43
96 94
36 52
28 55
45 81
48 19
47 23
6 95
46 20
10 44
77 39
98 47
30 90
65 74
17 60
4 12
75 72
32 46
83 38
78 64
91 5