# Team 147 large instance.
196
100
3
14
55 87
75 26
57 61
3 0
67 73
30 9
45 10
75 70
99 38
20 20
44 95
37 48
10 81
74 28
14 74
57 63
8 97
0 75
1 76
72 14
15 88
91 44
73 22
35 95
72 53
0 78
95 75
23 58
53 87
24 92
92 53
23 69
81 77
40 9
44 6
11 51
51 88
80 50
43 94
51 65
75 41
24 34
60 99
51 87
56 53
93 1
61 90
84 19
69 71
38 69
86 25
58 97
80 19
54 27
62 47
29 9
4 13
2 28
42 56
63 6
25 80
34 52
45 25
80 22
48 53
60 42
50 23
20 37
7 8
42 23
66 17
97 3
94 8
9 67
54 25
65 65
29 98
31 23
4 56
64 88
2 93
53 20
58 99
97 15
75 78
94 46
86 28
77 42
57 95
5 31
31 25
3 97
42 25
83 93
96 76
46 94
6 81
80 58
82 47
42 20
20 15
18 93
81 59
54 35
38 82
99 54
85 46
40 98
14 48
91 7
50 7
44 12
50 53
39 29
67 55
10 44
43 4
41 58
88 84
86 95
78 74
96 73
94 1
43 20
93 25
31 63
16 18
13 11
81 49
41 35
21 45
57 51
25 58
55 33
99 15
58 30
7 5
68 39
59 59
60 56
59 7
30 99
80 34
28 55
8 35
46 80
73 51
53 70
69 2
34 73
89 49
89 80
7 63
14 61
67 22
90 55
88 95
9 61
48 6
11 78
26 92
28 94
36 44
5 15
50 82
92 3
57 62
35 98
18 56
65 5
27 75
44 96
25 71
38 80
10 47
65 79
98 59
40 25
29 12
49 36
6 36
9 60
67 41
27 17
24 74
59 23
71 21
15 64
51 50
60 77
74 1
63 36
48 0
79 95
48 37
70 69