# Team 148 large instance.
198
100
3
14
7 72
47 53
72 18
26 30
87 16
67 13
54 77
96 3
74 0
42 75
82 56
37 88
52 42
64 16
96 51
10 45
61 63
44 56
20 31
17 14
94 87
80 97
52 90
52 35
43 32
81 71
75 37
67 54
65 29
27 54
39 19
2 34
17 53
22 67
76 47
79 46
0 55
77 21
83 71
58 17
6 43
60 23
10 41
29 63
50 95
67 56
93 47
20 8
17 0
82 99
57 54
37 85
28 82
20 44
26 57
59 91
27 86
35 14
25 31
35 96
16 92
63 79
69 12
97 37
92 32
98 11
4 38
95 58
47 45
2 22
98 93
76 35
2 31
16 30
57 31
73 27
97 76
11 75
63 90
86 21
10 84
14 23
86 39
41 71
50 74
10 65
43 77
19 77
11 18
25 26
85 40
64 72
5 50
38 84
39 27
57 97
63 37
95 35
95 44
23 37
4 88
52 18
79 66
55 44
81 63
0 11
96 91
19 33
11 84
10 94
22 59
77 59
68 90
54 73
31 16
13 32
78 12
20 25
13 41
6 35
78 21
14 82
50 14
58 27
45 10
99 16
51 24
65 23
71 73
48 16
66 95
77 6
80 57
52 50
87 17
59 10
99 0
98 65
10 62
87 44
80 93
44 73
91 90
17 86
44 18
70 46
49 17
49 81
46 94
72 76
49 90
24 36
67 71
60 1
58 13
24 45
89 80
96 6
10 0
85 3
10 64
65 64
49 1
9 84
85 30
48 11
52 45
41 45
84 25
81 44
62 95
79 56
19 69
47 85
11 65
86 52
66 28
85 41
23 66
50 50
52 47
49 85
44 98
52 1
50 68
82 45
22 88
27 84
77 88
85 16
47 96
12 96
91 96
45 44
14 38
92 31
92 49
33 27