# Team 149 large instance.
200
100
3
14
0 0
1 1
2 2
3 3
4 4
5 5
6 6
7 7
8 8
9 9
10 10
11 11
12 12
13 13
14 14
15 15
16 16
17 17
18 18
19 19
20 20
21 21
22 22
23 23
24 24
25 25
26 26
27 27
28 28
29 29
30 30
31 31
32 32
33 33
34 34
35 35
36 36
37 37
38 38
39 39
40 40
41 41
42 42
43 43
44 44
45 45
46 46
47 47
48 48
49 49
50 50
51 51
52 52
53 53
54 54
55 55
56 56
57 57
58 58
59 59
60 60
61 61
62 62
63 63
64 64
65 65
66 66
67 67
68 68
69 69
70 70
71 71
72 72
73 73
74 74
75 75
76 76
77 77
78 78
79 79
80 80
81 81
82 82
83 83
84 84
85 85
86 86
87 87
88 88
89 89
90 90
91 91
92 92
93 93
94 94
95 95
96 96
97 97
98 98
99 99
0 99
1 99
2 98
3 97
4 96
5 95
6 94
7 93
8 92
9 91
10 90
11 89
12 88
13 87
14 86
15 85
16 84
17 83
18 82
19 81
20 80
21 79
22 78
23 77
24 76
25 75
26 74
27 73
28 72
29 71
30 70
31 69
32 68
33 67
34 66
35 65
36 64
37 63
38 62
39 61
40 60
41 59
42 58
43 57
44 56
45 55
46 54
47 53
48 52
49 51
51 49
52 48
53 47
54 46
55 45
56 44
57 43
58 42
59 41
60 40
61 39
62 38
63 37
64 36
65 35
66 34
67 33
68 32
69 31
70 30
71 29
72 28
73 27
74 26
75 25
76 24
77 23
78 22
79 21
80 20
81 19
82 18
83 17
84 16
85 15
86 14
87 13
88 12
89 11
90 10
91 9
92 8
93 7
94 6
95 5
96 4
97 3
98 2
99 1
56 14