# Team 150 large instance.
201
100
3
14
43 51
24 14
60 64
92 50
21 83
39 34
8 28
11 45
40 82
43 89
21 59
95 49
30 43
22 31
46 1
89 34
3 5
12 25
47 34
60 24
67 61
87 68
33 57
50 19
10 22
24 0
56 84
89 44
25 89
30 44
18 21
22 77
65 22
83 51
21 54
18 92
83 4
90 1
29 74
88 86
27 88
67 3
9 5
16 59
36 13
6 95
48 64
52 10
31 66
1 33
30 2
90 28
35 63
34 6
88 64
8 79
51 3
21 81
89 37
4 94
46 57
42 86
69 48
13 15
9 39
67 77
55 44
68 76
19 92
18 66
17 34
9 69
38 85
43 2
34 7
34 12
47 41
60 71
61 19
1 75
89 14
39 9
86 80
95 11
9 29
47 27
37 22
8 81
87 4
14 37
55 79
5 99
40 49
91 16
26 21
19 48
11 34
36 0
85 25
1 18
58 18
24 4
36 25
56 77
17 9
68 27
48 45
43 61
93 6
3 11
96 22
86 28
94 90
84 13
23 50
93 61
16 27
82 17
1 0
83 40
18 26
57 27
36 72
90 45
6 91
31 78
3 78
72 92
96 13
97 82
5 61
26 24
47 29
73 57
67 15
35 36
72 97
22 66
90 53
70 89
71 11
4 31
20 94
92 53
77 60
33 54
16 94
75 66
2 5
82 1
58 49
94 60
94 7
22 6
9 13
13 23
74 88
49 28
27 16
45 45
64 14
80 54
62 12
45 14
76 59
12 0
44 26
4 76
51 26
5 25
58 85
31 13
31 56
62 96
41 44
5 78
40 69
33 55
72 69
36 35
62 7
18 30
14 58
6 47
45 1
5 68
56 63
40 20
88 27
47 86
74 51
79 34
52 66
59 10
50 59
92 99
91 13
46 50
13 22
35 39
3 45