# Team 151 large instance.
195
100
3
14
30 92
99 26
56 74
22 36
46 94
40 65
16 45
52 60
17 11
80 17
66 36
46 52
78 45
3 15
8 90
20 23
6 2
78 42
82 81
4 45
92 48
34 28
38 52
32 21
51 33
49 36
20 93
59 30
31 88
81 81
54 70
23 54
87 15
21 72
60 46
30 15
9 36
96 32
88 31
42 20
1 31
70 44
54 95
50 34
5 97
85 2
6 0
54 73
62 49
4 43
13 75
14 84
94 22
48 96
24 81
51 94
95 28
15 41
47 91
53 24
13 69
70 9
81 96
42 15
98 15
57 37
31 20
33 37
3 94
50 14
54 35
66 74
87 58
30 52
0 70
61 52
87 72
50 86
97 51
58 62
75 9
55 88
88 13
38 44
62 0
95 0
52 11
60 80
12 39
90 18
28 79
35 36
71 97
8 37
77 67
1 83
87 8
59 10
50 77
73 81
61 81
94 40
27 39
89 35
10 18
27 38
80 72
74 20
44 9
92 44
42 75
35 98
36 75
65 37
68 40
61 82
16 29
78 88
83 55
82 96
30 66
0 79
84 41
44 41
91 16
2 83
90 51
35 52
67 81
57 62
82 98
49 70
98 8
28 71
68 22
87 0
36 19
55 51
98 89
77 39
80 34
52 37
13 56
25 52
17 85
96 56
98 46
49 9
28 24
83 90
8 24
71 41
76 97
85 37
16 10
44 48
83 1
41 3
48 54
96 47
99 44
89 58
75 71
12 61
64 10
36 28
89 69
11 68
29 98
48 93
43 38
85 75
9 62
68 69
86 76
15 94
17 44
2 15
44 34
32 50
37 40
60 99
21 89
21 78
78 91
62 39
9 91
77 11
20 84
7 95
48 38
44 43
13 81
94 73
74 24