# Team 152 large instance.
195
100
3
14
10	88
31	64
72	19
65	57
43	75
69	27
99	29
78	2
94	4
32	70
66	82
1	79
64	23
28	8
55	76
56	57
46	63
85	65
23	13
64	34
38	92
77	38
89	13
57	24
69	98
61	12
30	7
43	45
48	6
57	25
40	60
9	54
93	11
46	45
79	33
99	17
98	18
5	83
1	17
21	26
78	34
97	71
4	71
49	46
37	59
1	92
65	6
97	66
20	6
37	89
6	65
32	34
79	16
22	80
33	75
81	77
31	5
46	23
58	61
62	11
62	81
19	62
35	39
28	53
31	70
70	91
59	37
34	92
5	50
97	30
59	36
5	66
88	3
33	46
8	1
20	62
38	32
79	96
38	54
86	66
67	31
47	99
3	23
30	59
63	15
56	62
45	24
69	5
0	79
40	62
21	57
81	27
31	65
72	31
96	15
21	19
56	88
48	63
99	39
36	12
30	80
0	37
91	7
56	51
8	71
80	54
76	2
94	24
54	13
54	74
44	83
80	35
36	18
92	12
55	40
51	95
24	69
75	21
2	72
78	43
37	99
98	70
97	87
40	68
78	21
69	96
37	35
84	41
35	51
89	55
11	17
38	95
57	57
53	59
50	69
90	18
39	16
70	37
73	87
56	21
30	46
22	22
26	89
3	6
39	46
84	93
98	87
35	16
69	37
0	26
19	32
74	93
66	24
58	35
44	84
93	86
27	16
71	55
58	96
67	38
72	36
7	71
27	44
30	14
96	13
37	51
56	76
88	81
72	1
59	70
42	32
48	42
28	73
65	23
31	13
56	77
16	31
51	84
67	15
30	13
89	27
54	47
3	25
0	70
82	75
20	88
68	0
97	63
43	52
26	13
91	92
24	16
73	10
21	3
79	80