# Team 153 large instance.
200
100
3
14
59 43
15 2
0 68
52 26
30 79
63 56
27 12
72 66
94 7
60 93
25 48
45 92
80 49
98 51
6 85
44 61
11 80
4 94
53 1
20 74
57 31
92 95
76 86
11 46
24 34
10 84
64 25
91 77
34 93
56 64
79 21
88 91
16 41
62 75
45 66
83 29
11 58
29 4
60 60
9 51
69 87
93 35
12 34
37 28
17 15
1 70
72 44
46 68
40 46
66 0
1 45
34 34
27 45
86 21
74 82
69 48
16 31
55 64
27 74
29 68
64 79
36 63
59 86
26 23
17 53
23 63
42 45
2 29
22 23
1 0
89 82
26 78
71 88
48 93
51 59
69 62
43 42
80 17
58 33
53 92
38 78
50 61
38 53
38 85
7 73
42 41
15 40
91 39
13 63
80 34
73 70
69 90
22 63
38 65
55 6
47 66
1 29
40 42
49 63
58 2
19 71
2 8
0 57
12 17
69 66
28 54
44 23
65 85
77 67
80 27
13 19
32 64
3 23
34 78
95 38
2 95
30 95
30 83
77 42
9 65
61 58
17 63
90 41
66 79
70 79
69 8
4 61
75 88
97 37
44 26
4 29
87 6
48 1
46 70
19 70
58 17
42 24
41 62
50 3
76 98
96 28
79 80
27 97
75 65
70 96
91 22
51 42
70 95
85 76
74 97
11 15
41 0
29 46
90 52
23 97
19 5
38 2
29 42
90 74
7 41
95 24
2 51
62 58
95 33
95 96
64 0
75 79
9 37
63 67
58 74
49 70
99 79
97 41
72 35
98 75
82 20
84 36
9 46
21 86
74 66
29 51
84 45
55 74
66 14
74 33
34 41
63 62
85 61
34 89
50 5
57 67
64 44
40 18
61 84
66 31
3 40
51 81
44 89
5 44
22 46