# Team 154 large instance.
198
100
3
14
81 14
3 94
35 31
28 17
94 13
86 94
69 11
75 54
4 3
11 27
29 64
77 3
71 25
91 83
89 69
53 28
57 75
35 0
97 20
89 54
43 35
19 27
97 43
13 11
48 12
45 44
77 33
5 93
58 68
15 48
10 70
37 80
79 46
73 24
90 8
5 84
29 98
37 10
29 12
48 35
58 81
46 20
47 45
26 85
34 89
87 82
9 77
81 21
68 93
31 20
59 48
34 81
88 71
28 87
41 98
99 7
29 4
40 51
34 8
27 72
91 40
27 83
63 50
82 58
18 33
17 31
95 71
68 33
95 74
54 74
51 46
65 63
11 96
6 14
19 80
20 87
54 76
8 49
48 76
59 67
32 70
1 87
92 14
87 68
96 34
98 82
43 14
37 55
20 58
0 92
92 33
64 97
22 64
13 80
38 81
64 77
25 19
47 97
20 69
99 67
0 76
41 62
2 14
46 39
30 7
30 72
10 10
93 62
8 97
68 98
16 16
84 60
70 21
33 67
77 54
27 69
96 93
88 25
91 39
51 85
83 47
56 66
57 15
31 28
8 43
2 75
70 29
75 28
0 9
90 80
7 29
8 4
42 9
65 30
35 85
62 27
69 16
92 73
73 60
31 60
52 24
12 12
84 55
45 54
52 59
93 6
86 83
82 12
7 51
93 43
13 31
24 24
68 57
17 54
23 35
59 31
9 56
70 12
6 83
69 1
30 21
52 62
61 27
51 7
21 48
0 49
33 58
36 54
89 93
71 84
91 62
19 24
37 27
7 74
94 69
7 95
40 7
6 74
61 64
67 20
7 65
10 23
8 76
8 86
30 51
15 72
31 74
76 5
79 10
53 84
74 72
66 40
33 26
85 91
40 30
33 50
16 85
82 38