# Team 155 large instance.
200
100
3
14
1 1
2 4
3 7
5 8
6 4
3 5
9 5
5 4
84 18
12 95
11 96
10 97
13 76
3 18
2 12
1 19
2 19
3 12
57 14
4 55
11 91
22 4
33 7
45 8
16 4
23 5
39 5
45 4
14 17
92 15
71 26
10 18
13 55
33 98
42 19
91 19
22 19
33 12
47 84
94 15
45 95
35 32
32 91
18 39
73 26
22 46
28 3
27 1
49 54
33 47
21 1
32 4
43 7
55 8
66 4
73 5
89 5
95 4
14 88
12 85
11 86
10 87
13 16
23 58
32 1
41 1
72 19
63 12
77 34
84 1
11 81
12 4
13 7
14 8
11 4
12 75
13 5
14 4
11 17
11 95
1 66
11 18
51 15
13 18
14 12
81 19
12 19
13 12
94 14
11 15
14 45
13 35
13 21
11 39
12 26
12 46
12 35
12 1
14 14
13 14
1 21
2 34
3 47
5 58
6 64
3 75
9 85
5 94
14 98
12 25
11 36
10 77
13 96
3 11
92 12
1 99
2 99
93 12
37 14
4 35
11 11
22 24
33 37
45 48
16 54
23 65
39 75
45 84
14 11
82 15
91 26
10 11
13 15
33 18
82 12
71 19
22 89
33 92
47 14
74 15
45 85
35 35
92 21
78 39
23 76
52 46
28 35
27 11
49 14
93 47
21 91
32 54
43 67
55 78
66 84
73 95
89 15
95 14
14 18
72 15
11 66
10 17
13 86
23 18
32 12
41 19
52 19
63 92
77 14
84 15
1 91
12 14
33 27
15 38
16 44
23 55
39 65
45 74
14 37
12 15
81 26
10 88
13 95
13 48
42 12
11 19
22 1
33 19
47 94
14 15
45 45
35 30
32 21
18 79
23 26
22 56
8 35
27 31
49 41
13 17