# Team 156 large instance.
200
100
3
14
98 13
33 37
1 45
59 23
98 14
80 0
87 82
25 42
1 70
54 81
81 28
16 4
52 34
65 31
16 74
11 36
2 60
18 94
34 66
82 91
36 21
76 51
76 89
66 29
18 18
3 75
63 19
13 98
50 55
23 50
32 10
89 33
27 11
45 77
37 12
35 68
30 44
4 35
27 2
22 92
20 67
77 3
73 86
35 79
26 43
25 65
94 20
75 69
91 99
64 15
49 71
4 59
20 47
70 48
79 17
90 49
44 95
1 57
98 64
90 27
18 6
19 96
1 39
35 24
78 84
62 25
54 73
48 52
63 61
76 78
90 8
35 46
7 63
95 62
17 93
22 83
43 90
87 88
41 56
43 72
42 26
17 38
88 76
23 41
16 1
14 32
91 22
75 87
53 53
85 85
85 30
33 7
50 54
67 5
15 97
30 58
61 50
53 9
51 80
89 16
66 0
36 4
22 62
85 36
83 45
97 13
34 48
60 20
32 6
91 92
89 50
8 54
7 35
40 64
35 18
91 31
37 88
33 8
70 85
60 59
58 17
34 43
98 56
86 53
35 70
89 22
57 27
78 24
30 19
80 90
13 93
59 87
59 51
0 60
39 11
96 38
33 14
54 40
1 81
62 63
98 68
79 82
46 83
86 58
90 75
7 40
72 96
10 57
63 65
33 15
30 73
28 69
89 34
91 78
24 16
28 86
65 55
3 21
24 9
66 80
54 39
94 28
28 66
18 23
50 52
78 99
11 84
45 30
87 44
18 25
29 49
1 42
18 91
37 76
32 37
23 7
43 29
72 32
71 95
37 26
15 33
57 61
11 10
42 8
61 89
61 1
76 47
41 12
17 67
56 41
14 77
19 98
87 71
18 97
65 72
81 79
49 94
91 74
18 46
27 33