# Team 157 large instance.
204
100
3
14
46 86
14 43
63 11
98 78
24 38
42 39
20 87
14 4
57 65
53 94
23 6
19 80
38 61
31 71
80 39
66 63
64 10
69 17
93 3
34 91
42 40
86 67
76 33
45 69
60 51
69 23
67 36
69 83
24 48
61 73
85 6
71 23
51 81
15 63
70 39
44 17
4 59
92 13
51 34
51 88
2 32
23 1
67 99
78 5
81 36
48 84
79 19
36 10
37 94
94 50
40 39
63 80
27 45
12 82
93 98
2 16
58 36
74 38
19 4
37 89
48 96
31 47
89 59
66 83
46 88
74 1
37 95
25 57
27 81
54 62
8 42
52 30
8 97
27 93
6 66
83 93
24 15
45 8
68 47
41 24
71 13
82 76
27 59
6 39
34 26
70 5
60 43
61 0
68 0
80 89
68 36
0 25
91 62
77 57
66 49
20 31
40 58
76 15
86 98
64 29
47 56
40 2
63 89
31 10
14 83
51 85
25 59
57 76
80 71
95 69
82 72
78 33
21 33
13 36
85 41
42 98
30 26
43 17
47 77
32 50
30 8
47 41
61 76
50 77
31 95
36 39
16 65
31 79
1 52
46 3
17 30
2 39
24 51
16 73
26 78
47 62
73 41
92 2
21 65
40 41
17 6
53 21
70 40
99 31
92 50
11 66
48 57
85 81
65 98
25 31
85 49
4 75
31 72
47 67
88 55
44 86
76 22
23 43
74 36
15 10
21 10
38 4
34 77
25 38
48 15
75 11
96 98
31 54
16 1
36 4
27 86
35 18
57 64
0 71
18 43
1 0
78 88
85 0
22 31
77 36
56 57
2 63
62 28
43 83
41 62
43 28
2 83
3 56
61 6
7 11
64 5
93 60
96 95
74 37
4 88
81 70
94 70
24 42
33 52
30 33
30 20
86 6
56 34
84 12