# Team 158 large instance.
200
100
3
14
71 15
31 13
34 89
35 37
44 7
32 96
16 67
14 54
66 26
25 0
64 41
49 1
77 32
49 88
62 68
16 42
41 66
29 31
23 18
28 32
45 6
48 4
25 98
28 62
72 11
21 2
14 32
71 85
10 2
59 39
3 13
9 28
21 48
47 84
1 55
26 49
7 5
84 25
69 86
88 48
16 4
93 7
43 10
52 47
0 92
47 18
47 73
1 59
57 96
63 17
60 79
19 30
76 95
90 66
16 18
29 73
71 9
43 2
79 18
26 82
87 19
53 42
9 37
52 65
36 20
95 96
34 69
53 82
10 68
78 45
72 30
36 24
33 61
96 19
55 56
38 89
80 72
66 14
38 83
87 78
35 83
56 8
12 78
24 94
76 78
45 61
7 22
92 11
26 56
24 39
24 13
99 35
54 84
49 48
74 84
46 17
82 15
78 8
93 84
10 5
13 66
73 36
32 20
81 25
54 96
28 28
50 10
94 23
36 96
30 79
46 69
15 42
32 4
52 15
57 21
36 95
54 55
79 16
70 73
96 49
43 97
11 42
61 26
91 18
63 15
99 82
25 69
60 11
64 37
92 49
71 40
51 52
85 41
6 84
18 93
23 24
84 28
2 9
18 47
58 83
54 12
73 26
52 39
99 78
13 82
83 10
95 89
56 92
33 64
66 13
84 47
56 13
17 59
24 42
17 17
11 23
22 1
58 49
9 14
10 18
84 88
87 77
57 51
85 72
41 45
95 32
4 35
71 94
8 75
56 21
87 23
93 71
25 49
8 5
16 95
69 81
54 4
60 48
98 66
3 8
4 36
86 0
89 32
19 21
20 7
98 80
30 44
91 23
0 61
34 9
35 90
6 82
74 82
4 93
70 47
87 59
38 91
41 31
36 37
46 72