# Team 159 large instance.
204
100
3
14
89 58
13 28
89 62
0 70
11 43
26 30
1 87
91 77
67 23
16 90
88 13
85 70
19 24
87 80
46 99
72 44
46 55
14 44
8 7
61 67
90 58
92 79
39 38
30 87
11 37
63 48
7 51
50 72
78 19
86 90
92 38
75 68
98 71
72 25
29 48
38 52
89 79
2 1
4 94
54 23
48 63
45 79
5 80
1 58
93 62
27 35
11 74
66 94
76 99
11 23
64 30
79 78
0 18
92 59
21 55
48 38
50 92
69 28
49 2
98 49
97 50
82 97
54 62
63 47
55 70
80 63
71 17
11 90
31 45
99 26
64 34
68 70
44 29
31 41
60 32
49 72
89 22
81 45
22 5
50 23
82 5
51 34
84 63
97 80
99 64
32 21
34 39
74 16
36 0
71 33
26 25
33 15
20 49
20 12
84 67
4 24
0 33
68 17
57 11
53 66
27 94
34 4
19 93
12 36
73 21
53 83
16 24
12 11
62 87
80 14
6 43
39 52
8 2
50 10
49 55
74 40
30 57
84 10
33 37
99 40
2 0
52 66
64 71
31 81
6 10
80 57
14 41
15 84
9 48
15 69
64 81
71 41
55 6
54 10
59 32
5 15
9 92
17 8
16 61
28 28
5 57
2 28
53 75
44 24
31 53
54 30
54 68
50 55
11 71
16 16
74 21
42 50
12 10
50 22
81 5
39 71
96 33
34 29
42 42
90 93
10 93
42 85
10 80
78 95
50 18
25 19
87 95
61 8
8 41
71 94
55 97
73 99
67 7
35 66
96 34
96 67
98 3
41 0
10 31
53 95
37 89
47 15
66 53
62 24
61 69
1 79
66 42
67 3
19 95
28 24
89 51
24 90
6 13
33 93
37 3
38 22
25 60
12 38
23 12
62 67
4 85
64 77
28 5
81 54