# Team 160 large instance.
203
100
3
14
55 0
80 52
76 26
59 48
95 95
46 44
83 91
79 5
59 53
81 22
18 54
33 6
70 80
7 50
88 60
55 84
22 7
44 73
58 56
35 80
75 53
63 13
21 13
51 26
4 15
87 11
39 53
20 65
5 68
47 70
73 29
35 91
22 92
20 80
23 34
62 26
63 35
66 16
97 93
11 33
42 9
1 99
47 51
69 61
32 12
50 24
14 2
40 64
8 63
22 32
55 52
58 54
41 94
7 71
51 25
79 37
23 79
12 85
32 98
15 55
88 88
43 26
97 76
1 10
54 27
77 78
41 40
69 21
44 78
71 24
0 22
73 91
36 19
15 29
4 84
25 35
81 24
37 79
19 57
11 88
22 59
26 28
55 37
76 80
55 30
53 78
88 62
41 43
65 60
25 41
54 49
46 47
69 43
0 16
31 28
61 99
66 39
55 34
88 82
97 49
43 37
85 54
37 31
43 48
51 96
45 48
4 7
89 80
81 47
48 19
81 38
38 7
90 84
57 71
46 78
27 93
73 26
55 33
75 39
55 85
52 85
79 50
69 66
98 73
35 92
53 1
24 39
66 2
64 98
88 97
86 46
49 68
13 18
28 36
50 61
22 71
35 81
39 97
91 47
70 76
51 42
31 25
90 10
25 66
39 44
35 36
82 98
50 97
76 66
14 25
18 83
36 25
80 25
13 87
69 78
55 13
31 46
43 35
1 1
35 30
71 93
66 52
80 61
41 75
93 2
40 35
24 24
29 4
79 53
61 80
49 7
2 82
7 64
6 26
4 62
61 45
64 85
23 53
30 80
80 54
28 48
52 0
39 49
77 35
12 36
89 56
12 79
75 47
97 0
37 24
26 24
75 98
64 84
20 18
36 41
14 59
94 40
52 83
74 79
28 20
1 63
13 8
63 20