# Team 161 large instance.
201
100
3
14
23 81
31 55
27 92
1 39
64 2
27 89
17 48
85 12
76 5
93 22
69 48
37 59
60 12
39 58
51 12
36 25
57 8
8 2
99 74
94 32
42 1
64 56
23 69
23 35
97 7
88 60
94 82
96 27
1 6
3 6
32 1
65 84
74 9
76 73
80 45
66 2
0 62
4 33
98 96
88 30
92 12
73 48
28 11
96 82
56 79
19 59
39 94
31 42
47 90
86 90
50 3
92 94
55 94
5 89
2 20
71 53
19 52
16 80
77 36
86 66
22 47
96 10
44 0
82 37
83 28
94 88
91 69
2 99
61 79
32 60
44 72
8 28
77 35
92 43
46 89
5 81
10 25
38 76
57 16
98 31
73 67
75 65
4 22
42 86
59 86
95 74
18 87
87 17
85 54
79 83
40 67
31 3
98 21
1 2
73 38
2 29
16 70
15 56
39 40
14 20
43 93
28 66
3 10
5 76
66 20
9 86
69 18
32 99
75 59
66 67
5 65
14 92
61 10
13 21
51 67
80 58
28 65
27 85
63 4
72 55
22 94
43 92
84 19
63 37
31 85
69 91
36 50
48 38
62 90
95 18
62 55
67 34
59 97
49 73
85 26
10 60
84 45
98 57
28 93
7 59
71 62
60 64
97 27
43 43
94 97
32 43
60 35
53 11
20 31
14 11
69 65
12 40
71 7
50 72
63 73
39 12
13 60
30 91
39 45
36 64
44 46
95 35
46 46
84 85
75 1
73 42
42 77
33 3
42 79
28 32
98 91
54 26
22 79
72 33
85 2
85 79
79 0
8 85
72 84
57 0
70 61
6 42
43 68
86 25
55 84
19 75
0 53
11 48
80 26
47 44
7 4
53 6
54 53
38 5
66 1
63 26
20 89
65 29
41 7
31 25
61 17