# Team 162 large instance.
205
100
3
14
19 14
63 52
24 90
46 98
13 50
34 75
56 3
29 17
35 27
40 65
5 8
71 35
73 11
82 60
89 19
84 73
15 10
36 98
14 68
63 91
82 29
13 13
14 15
91 26
97 83
84 68
31 42
49 32
52 6
49 43
68 48
1 55
71 97
14 27
9 19
59 82
73 40
47 6
30 57
88 16
69 69
77 74
48 12
22 82
49 40
86 60
82 10
98 13
78 88
30 63
60 30
20 75
38 48
96 81
76 97
92 50
51 82
56 54
2 68
84 30
37 70
44 75
81 6
27 40
99 53
80 14
11 35
47 93
41 93
8 78
89 91
7 83
66 33
21 43
51 88
67 99
11 30
77 46
42 88
77 18
31 51
31 18
28 66
30 30
67 1
29 39
34 13
38 34
8 40
26 64
77 62
77 44
1 77
28 24
38 75
29 46
45 53
47 35
34 82
69 81
42 65
7 48
77 90
28 62
9 48
7 46
85 9
81 54
52 73
14 60
65 29
39 79
63 74
15 87
37 9
34 71
78 36
6 93
55 88
47 9
70 49
12 2
14 13
22 89
8 94
30 24
6 36
39 23
52 9
12 16
95 93
85 17
69 7
17 33
69 0
34 26
29 65
14 46
20 95
13 64
49 21
5 72
23 43
20 64
61 69
11 23
79 24
90 1
48 68
38 92
27 80
65 70
66 46
92 9
1 91
36 27
71 28
77 92
37 61
19 94
27 95
36 15
94 24
19 95
4 25
37 71
10 61
42 82
19 84
8 81
3 99
95 29
90 98
49 48
0 16
32 78
72 67
95 97
95 56
68 36
89 76
68 92
24 51
36 69
33 10
36 10
13 5
4 7
14 41
81 60
2 57
62 84
66 91
34 79
14 48
10 1
78 19
20 42
99 60
67 77
0 85
10 59
67 43
56 30
22 86