# Team 163 large instance.
201
100
3
14
48 17
39 20
97 10
50 61
24 62
23 48
34 16
23 75
52 99
71 65
90 18
95 55
44 64
25 5
39 54
72 49
80 57
97 48
24 25
52 95
48 88
10 80
64 49
45 25
37 44
27 44
42 51
31 6
37 55
87 85
85 72
51 1
3 28
95 60
34 87
35 44
29 14
6 58
84 89
43 10
56 48
50 80
17 50
17 96
92 24
23 61
59 77
42 66
13 48
34 66
33 21
41 62
15 79
23 25
64 78
30 17
97 39
66 73
29 11
40 73
16 32
3 20
4 44
76 77
79 41
86 40
77 97
26 3
36 59
88 46
86 66
78 10
59 4
41 99
73 3
48 23
53 7
10 11
81 60
71 22
97 64
80 19
24 72
34 41
71 70
74 10
6 87
54 50
83 95
5 61
91 28
3 8
92 29
90 49
47 12
94 78
70 80
74 80
73 28
53 87
8 85
77 74
41 64
28 82
48 19
29 23
92 47
69 18
42 6
64 20
12 86
96 68
9 9
48 1
59 11
23 55
78 30
31 13
18 11
71 50
36 24
56 70
79 64
61 33
3 91
55 50
39 78
99 14
6 63
98 43
75 58
99 77
43 61
88 55
91 16
99 1
59 6
47 44
77 79
71 34
27 45
37 79
16 35
78 11
83 22
92 68
84 74
62 67
92 56
1 8
81 59
80 96
27 42
55 61
68 58
49 77
86 18
97 25
23 8
24 68
49 43
59 52
61 42
27 78
65 88
81 66
92 9
50 79
27 8
73 92
53 98
5 26
58 25
53 47
38 15
50 13
5 50
39 43
26 80
86 41
66 24
40 87
77 47
63 50
80 52
94 88
51 33
33 93
3 7
38 79
24 8
39 1
90 87
47 38
11 70
36 10
77 91
22 8
70 65
69 65
45 38