# Team 164 large instance.
200
100
3
14
56 38
80 33
53 70
81 44
69 16
65 93
21 39
46 99
96 68
46 45
22 9
60 4
1 64
13 32
88 15
28 74
63 92
89 22
8 45
57 33
22 63
5 7
48 88
83 20
72 57
43 66
65 66
51 78
17 27
52 23
15 48
51 2
7 84
18 59
36 30
57 22
17 8
85 15
84 93
69 47
2 91
10 11
10 32
68 75
38 26
41 15
74 99
40 31
61 39
84 18
75 30
96 14
1 7
63 8
82 68
80 22
30 35
56 20
96 48
34 23
93 40
88 72
42 8
61 90
99 9
68 32
39 66
65 40
88 87
74 28
85 90
78 17
48 35
89 10
6 94
40 37
72 18
80 77
34 42
30 63
2 35
57 74
31 57
88 56
83 51
76 71
30 38
50 37
31 61
44 26
75 52
1 5
76 14
65 43
97 45
73 90
75 33
96 70
73 45
26 68
67 66
20 39
3 96
96 96
57 92
15 72
36 14
33 59
24 71
27 26
7 59
85 52
97 65
42 52
40 60
9 3
83 90
14 94
35 15
97 63
41 0
53 56
99 23
60 68
88 63
6 72
1 49
5 53
39 56
39 72
27 82
95 89
1 1
69 12
22 5
89 82
30 0
78 76
55 64
75 93
15 82
5 26
10 71
51 36
44 36
25 1
14 78
32 82
14 44
21 15
5 33
22 50
30 57
32 48
85 84
16 45
51 70
12 50
50 89
91 1
18 43
16 98
92 85
7 19
82 23
35 63
73 12
49 15
34 58
88 79
34 91
97 55
2 87
67 44
87 93
52 82
69 75
23 5
86 84
30 50
31 54
44 56
94 52
88 70
87 12
85 12
65 36
14 90
80 31
99 98
52 90
8 11
69 50
19 10
34 86
87 15
89 94
89 99
52 65
70 19