# Team 165 large instance.
195
100
3
14
34 86
64 3
35 85
76 22
94 92
89 15
57 51
8 13
88 68
70 40
30 37
72 11
46 99
34 35
19 61
58 94
75 51
85 1
99 50
16 23
97 20
75 66
98 20
21 74
86 84
27 39
68 35
66 69
62 55
18 21
9 5
62 14
13 14
44 54
83 50
96 14
88 92
32 50
83 68
75 74
44 30
31 51
28 88
16 11
56 29
37 4
94 90
8 20
44 44
90 23
76 86
15 30
28 27
2 46
38 84
19 53
61 21
23 46
80 13
67 27
65 27
39 49
31 27
34 47
32 89
86 69
69 8
80 92
25 65
61 32
23 99
47 93
72 3
91 84
78 42
51 45
30 78
91 40
24 70
35 44
75 47
77 68
64 71
58 83
27 71
67 41
2 78
85 0
23 33
99 62
65 93
97 1
6 46
24 7
6 74
47 79
98 83
72 87
63 51
65 7
6 76
5 29
69 48
1 9
67 74
31 3
61 86
88 15
49 89
13 59
40 94
6 29
6 63
31 32
63 10
57 86
26 57
84 66
35 14
67 15
19 54
14 95
71 56
27 67
71 83
49 36
2 15
1 75
48 83
79 30
19 68
26 53
18 36
61 56
77 96
17 31
68 46
99 58
16 59
94 68
1 99
97 66
70 18
96 5
77 51
64 82
96 91
25 71
72 49
98 29
10 25
42 50
41 87
25 58
93 72
17 34
64 18
74 55
30 18
3 51
30 22
81 49
57 44
56 74
81 60
43 91
74 40
8 1
0 77
27 45
60 1
46 61
76 58
60 13
77 6
4 20
55 92
29 31
38 45
51 79
56 61
93 12
90 33
45 46
27 75
45 82
42 37
71 71
71 86
4 16
15 50
2 55
56 30
37 62
42 47