# Team 166 large instance.
205
100
3
14
43 28
62 85
89 4
71 21
64 3
39 67
44 30
46 4
34 86
38 50
97 4
8 2
34 30
74 35
32 99
66 70
65 1
36 64
43 60
67 11
69 50
35 28
46 58
92 28
84 56
24 14
5 89
43 56
77 48
93 57
10 79
8 78
52 7
99 7
9 82
40 74
81 15
64 28
37 16
43 38
55 91
50 31
81 26
88 32
39 19
59 67
63 75
96 59
74 66
49 77
0 4
49 21
3 53
9 87
44 83
33 64
78 60
32 83
36 80
11 93
88 39
64 93
51 4
83 25
35 27
99 89
65 36
1 28
50 3
67 27
97 19
27 17
66 32
34 26
51 28
57 50
13 27
77 80
88 2
1 6
80 35
42 27
48 93
64 59
56 36
80 14
82 68
72 90
15 14
55 50
64 23
61 59
90 86
97 7
3 5
54 53
28 6
29 38
26 16
90 44
60 5
97 55
54 97
44 37
66 33
82 16
47 52
20 90
59 88
68 5
80 13
38 13
26 36
73 84
67 61
96 82
87 39
57 36
78 72
77 31
18 62
80 17
76 68
88 76
50 40
6 62
91 79
47 11
20 14
51 37
4 6
15 55
45 59
57 51
1 76
86 63
37 70
66 55
4 92
59 0
52 20
99 85
81 81
33 24
73 93
60 81
85 26
14 20
42 37
10 42
30 0
85 11
7 48
22 38
60 0
7 55
17 5
2 25
89 39
3 60
99 19
46 48
70 74
32 40
43 82
30 5
86 30
37 96
71 31
44 7
84 73
42 93
95 77
80 15
58 33
63 46
13 70
95 60
4 80
55 79
70 46
62 4
67 86
52 98
24 76
42 35
63 51
61 31
48 43
39 50
30 99
33 6
4 1
53 14
38 28
84 59
68 37
44 63
33 36
30 84
69 21
71 93
44 76
35 12
35 19