# Team 168 large instance.
198
100
3
14
1 25
55 32
85 90
12 48
5 17
8 73
2 38
40 2
38 49
74 94
76 1
10 46
51 19
36 58
14 26
34 64
53 34
97 76
67 88
37 95
61 72
42 46
96 25
61 10
22 76
28 31
17 9
26 61
12 8
95 6
39 3
60 54
55 19
2 89
47 14
56 18
36 69
32 55
23 65
3 66
24 93
39 35
10 43
57 94
50 67
98 57
39 5
53 10
94 99
5 60
51 33
3 15
74 14
4 64
5 6
34 93
18 69
53 25
40 61
98 55
78 91
19 46
76 77
74 41
98 44
97 35
42 67
53 9
64 74
11 8
6 61
96 59
50 20
29 75
99 6
75 64
94 76
48 45
8 37
99 98
23 75
97 11
45 18
85 41
29 87
80 48
43 7
51 73
53 91
66 74
38 62
37 13
83 97
67 60
26 13
26 97
54 60
3 13
66 57
16 32
98 27
26 63
46 97
61 32
17 99
27 96
23 79
51 12
38 47
78 94
59 97
51 29
26 25
21 8
10 94
71 97
26 29
14 25
67 8
35 94
87 23
28 96
81 5
86 3
70 73
62 51
67 10
57 59
10 70
87 26
86 24
4 86
73 48
18 99
94 37
65 73
16 16
26 34
83 5
71 83
92 28
37 77
56 74
2 75
57 4
73 46
52 18
62 44
41 71
6 25
8 52
38 68
28 69
34 34
87 51
46 64
45 91
45 73
97 55
70 44
76 93
46 8
37 38
43 20
39 52
79 60
2 99
26 18
67 40
50 53
43 69
28 33
73 83
29 47
26 77
99 63
20 20
96 26
80 94
59 54
95 89
49 43
77 15
30 11
75 33
23 68
66 11
98 37
76 63
8 49
87 16
0 49
61 7
64 47
77 2
55 44
76 82
13 96