# Team 169 large instance.
201
100
3
14
7 86
36 33
55 16
15 36
51 98
36 27
3 86
65 21
66 64
23 57
31 26
28 36
9 18
0 1
52 53
8 97
62 31
36 26
36 77
96 47
53 67
68 48
19 37
96 49
50 72
73 98
56 27
72 28
98 40
79 72
53 38
74 69
11 78
21 37
22 53
57 46
31 91
38 38
7 85
20 74
97 54
92 97
20 80
83 57
0 60
61 51
69 52
78 64
95 63
15 58
73 10
16 2
95 35
79 68
83 15
16 91
94 26
51 26
34 58
57 9
18 86
44 3
87 80
47 30
80 60
53 99
37 0
46 81
49 39
35 96
94 71
17 92
18 18
23 74
27 79
0 36
99 67
57 31
66 71
12 6
35 73
74 55
12 99
37 66
74 94
11 51
42 75
46 89
91 93
76 21
40 16
99 60
24 99
13 39
92 37
85 75
35 87
78 35
90 33
24 24
41 42
78 77
51 45
59 79
49 18
50 55
44 42
47 14
3 90
91 56
61 97
96 81
52 69
30 93
97 48
15 47
73 75
70 90
1 62
1 63
99 1
58 16
32 9
44 70
27 99
8 20
52 46
84 13
88 13
71 68
36 61
1 36
65 54
16 38
89 71
1 22
96 78
62 93
47 34
37 28
8 15
19 21
69 4
54 57
76 3
18 9
62 9
51 19
47 41
75 36
12 77
6 0
26 47
95 34
57 91
17 89
89 79
73 9
44 37
35 88
78 25
61 17
14 87
35 9
51 71
93 53
0 55
88 11
65 47
13 49
68 62
0 96
90 72
23 11
9 1
18 55
33 62
70 25
16 50
66 70
40 44
85 70
54 93
42 37
86 49
39 49
72 84
81 97
96 72
32 61
33 44
49 14
34 81
13 14
25 95
89 14
4 84
91 0
45 58
1 66
72 62