# Team 171 large instance.
200
100
3
14
31 63
77 15
93 99
58 78
96 72
79 15
90 17
57 53
66 7
50 89
3 55
19 68
12 88
42 95
97 6
51 38
15 82
91 37
8 80
67 17
51 87
29 52
76 91
81 15
87 98
60 16
78 59
61 27
32 37
0 8
83 0
48 49
83 2
41 31
27 85
62 64
17 56
77 98
39 6
71 66
43 9
41 81
95 84
1 95
68 9
46 42
94 34
9 22
1 90
23 69
78 65
41 35
93 1
67 39
7 8
21 79
70 53
18 1
72 83
20 19
81 2
26 32
22 76
56 47
77 58
39 45
79 99
23 49
58 72
50 6
64 17
12 15
8 43
1 44
63 60
40 16
14 24
85 97
28 1
77 6
34 12
25 2
24 2
50 28
46 68
13 97
94 84
40 51
61 46
55 32
47 93
61 96
15 68
29 7
59 22
13 7
16 29
33 81
10 77
63 4
52 15
2 19
95 47
67 67
5 84
60 82
65 40
87 41
63 18
72 29
95 75
86 75
71 10
99 67
98 8
52 33
2 79
66 85
94 54
88 50
64 45
83 5
59 55
51 98
59 86
44 51
0 1
54 44
57 58
45 41
50 39
97 10
65 36
14 90
39 87
0 14
34 80
33 1
12 47
42 37
17 88
72 94
42 12
53 90
72 19
91 19
44 47
42 72
47 80
60 10
21 5
77 88
7 67
6 50
92 10
57 98
72 20
77 64
26 90
14 98
92 33
8 77
45 52
63 20
92 47
18 36
36 87
46 88
56 33
8 34
51 25
35 43
23 5
9 60
16 48
93 79
87 35
85 4
76 30
88 59
0 64
84 91
63 44
66 77
7 62
59 15
92 51
4 88
45 4
93 56
87 6
67 58
92 45
85 60
48 88
15 20
81 43
43 95
42 7
22 70