# Team 172 large instance.
203
100
3
14
47 69
44 10
67 46
47 60
37 65
43 79
23 11
8 29
34 93
93 83
70 25
19 40
90 23
21 30
69 37
16 73
11 68
57 58
24 9
63 84
92 47
86 97
57 17
85 67
39 88
64 38
83 89
75 45
52 9
88 66
27 24
54 85
24 30
87 14
56 9
99 16
37 77
10 86
47 88
26 35
83 39
28 90
88 23
46 31
5 69
87 83
38 42
78 39
94 94
67 56
62 24
55 50
52 16
54 10
59 46
64 25
45 72
7 8
65 7
42 59
63 12
91 43
42 26
48 14
47 16
90 54
11 34
53 23
93 37
12 98
98 78
93 87
16 31
71 22
30 13
14 95
33 61
51 18
57 35
12 18
32 65
70 9
14 94
66 63
69 51
4 76
77 43
59 71
77 89
36 30
88 5
48 64
5 21
56 76
42 72
51 2
87 18
51 10
60 91
0 80
81 98
13 54
34 52
64 2
84 44
70 81
11 20
15 15
46 91
41 82
73 96
40 95
39 97
90 82
8 24
2 88
56 10
60 92
58 21
47 53
61 30
39 25
97 37
77 64
36 87
36 15
26 55
65 4
68 86
45 64
93 68
52 42
12 5
82 75
5 29
54 48
56 39
95 75
98 43
38 18
79 88
14 31
54 75
70 67
42 99
33 63
3 68
92 84
31 17
87 10
23 1
22 66
13 4
79 48
99 22
28 79
65 10
78 97
28 76
41 92
13 79
55 57
14 46
69 97
70 37
58 22
19 50
8 30
78 26
30 98
90 17
26 58
93 16
64 18
98 25
24 25
86 74
14 42
87 93
54 54
7 84
54 41
77 14
72 56
83 88
28 28
8 27
77 23
27 20
73 16
59 88
57 76
11 87
82 0
1 66
92 79
20 68
0 16
20 53
78 66
70 80
63 74
63 2