# Team 173 large instance.
200
100
3
14
36 59
82 83
26 65
28 81
49 28
93 15
84 26
83 5
54 29
72 28
59 80
55 37
45 54
28 55
78 67
9 38
93 39
63 98
47 58
79 57
83 68
52 91
41 69
34 55
6 30
81 21
47 79
47 19
46 96
24 47
63 62
28 59
67 69
36 6
56 28
11 59
20 99
60 10
16 16
33 94
91 47
80 92
8 24
66 82
78 22
34 92
62 54
28 99
33 51
23 16
51 52
47 96
58 74
88 89
29 8
98 44
12 48
5 33
34 63
65 19
15 18
23 15
32 73
42 71
74 85
52 74
10 78
61 22
49 38
86 24
71 0
52 43
20 61
61 40
92 96
56 47
79 55
63 30
79 8
83 53
36 82
12 14
38 12
12 68
82 67
35 58
68 52
85 60
5 56
17 49
42 46
80 41
81 60
47 62
25 72
99 70
2 8
64 42
20 29
65 23
26 43
44 25
38 81
43 97
24 51
7 60
48 15
28 54
13 94
42 49
61 46
35 18
48 76
96 13
9 95
97 2
8 40
27 72
40 29
4 84
49 33
14 93
48 75
90 39
59 43
56 90
10 42
70 87
32 46
19 24
3 59
65 18
61 73
83 7
39 7
34 68
82 22
22 31
44 91
21 53
23 56
69 68
74 29
37 30
4 14
49 13
11 17
96 24
71 89
4 40
32 19
52 53
41 24
39 55
96 62
40 48
81 1
64 40
41 60
78 24
5 47
97 42
8 33
9 28
15 98
79 0
82 15
0 51
92 58
79 68
12 85
23 11
83 58
73 98
13 82
40 23
6 31
30 79
1 24
38 62
32 1
20 1
48 52
87 0
66 32
58 90
55 41
40 50
5 24
14 70
13 89
12 19
28 98
51 98
43 14
35 41
72 26
50 94
13 56
20 62