# Team 174 large instance.
196
100
3
14
2 68
25 77
40 35
67 73
83 87
96 81
74 79
66 84
20 37
78 66
70 76
51 59
51 37
46 96
30 88
31 27
62 75
23 4
10 25
3 4
78 80
31 85
52 54
8 87
17 5
13 65
9 51
26 54
46 51
1 3
45 27
28 72
77 29
12 57
27 98
54 7
22 33
85 41
15 14
72 38
41 67
35 14
28 85
6 4
49 20
52 90
75 70
84 78
37 21
69 58
52 77
71 78
8 56
47 82
21 5
93 92
85 5
31 9
20 96
53 83
9 17
6 31
29 90
58 91
75 45
17 79
46 6
86 53
9 7
79 74
99 88
37 98
32 38
71 63
52 43
39 41
56 61
22 84
4 29
57 90
37 85
25 57
91 36
75 84
6 66
84 97
58 19
79 23
91 75
69 90
44 76
83 56
70 72
27 81
95 85
40 7
49 35
75 31
16 12
60 47
76 9
27 42
68 72
4 23
90 54
59 36
45 60
48 9
27 24
27 29
20 79
57 73
41 48
37 78
82 30
21 46
80 58
90 49
59 96
41 84
70 98
4 68
56 11
94 19
9 12
80 65
22 49
5 15
57 3
39 52
5 79
14 19
18 64
46 45
54 97
4 27
32 84
8 76
24 98
40 63
50 73
61 28
65 73
9 71
26 75
13 0
20 82
86 92
68 34
28 87
80 71
76 27
26 5
95 44
14 54
38 86
20 30
66 93
35 69
26 66
0 7
64 5
60 91
81 90
25 2
52 58
49 28
71 38
87 44
88 84
21 89
39 48
81 37
86 59
91 17
36 40
39 63
4 59
85 55
49 78
22 71
97 78
84 1
13 14
33 24
75 59
35 46
32 56
12 65
87 67
83 67
45 39
17 7
72 89
63 87
13 62