# Team 175 large instance.
200
100
3
14
27 65
56 43
55 82
45 8
1 99
90 64
54 84
35 77
43 91
64 82
9 67
22 47
66 3
65 85
66 35
30 21
30 73
64 23
73 96
33 43
32 13
22 85
6 34
11 78
40 59
55 15
97 86
43 70
10 99
44 75
65 61
83 52
97 72
41 87
12 58
82 16
76 56
48 99
74 84
3 37
51 94
12 95
77 43
74 59
82 88
72 14
5 51
61 18
99 84
23 42
35 60
73 68
43 34
70 79
42 46
64 21
52 96
6 68
75 57
73 66
56 18
45 70
99 69
21 88
7 82
48 72
9 35
23 58
90 58
99 99
30 6
65 48
83 5
78 60
33 19
28 26
15 48
26 25
15 57
89 89
36 67
96 93
11 7
49 39
56 32
61 50
92 88
79 47
91 44
94 1
49 10
99 40
81 65
40 81
70 40
42 16
99 46
82 62
85 60
45 46
20 48
99 73
89 79
77 4
9 27
1 70
3 7
71 5
16 12
51 27
75 36
35 2
96 15
71 99
33 87
1 65
81 37
71 10
42 24
86 12
33 69
31 38
63 88
62 2
25 59
44 29
46 9
36 89
53 44
29 32
36 31
98 21
32 78
99 72
40 65
96 46
84 42
53 58
46 39
76 86
9 16
82 18
67 1
42 51
48 80
55 27
10 30
36 21
6 84
68 55
3 74
68 24
35 35
1 31
55 95
38 7
62 59
43 78
1 82
55 75
62 79
97 33
15 1
67 67
42 37
59 5
20 87
42 62
47 47
10 3
54 53
1 49
15 68
71 8
42 27
14 82
91 23
32 15
38 23
93 13
34 96
27 3
68 68
84 81
66 43
64 96
40 96
55 72
4 69
56 49
57 87
90 50
48 54
8 95
66 56
52 40
8 33
29 78
23 12
81 84