# Team 176 large instance.
195
100
3
14
1 1
1 48
2 2
2 35
3 3
3 47
5 10
5 45
4 8
4 27
6 18
6 29
7 39
7 5
8 8
8 26
10 15
10 83
12 49
12 85
13 3
13 13
14 29
14 88
17 1
17 25
18 10
18 92
20 23
20 86
21 27
21 39
22 28
22 3
23 10
23 55
24 19
24 36
15 19
15 92
11 7
11 26
25 3
25 74
9 28
9 93
16 11
16 73
19 19
19 58
26 26
26 99
27 8
27 85
28 17
28 56
29 48
29 29
30 41
30 68
31 10
31 69
32 17
32 54
33 2
33 1
34 43
34 56
35 19
35 96
36 37
36 17
37 2
37 67
38 42
38 65
39 41
39 79
40 33
40 7
41 25
41 44
42 29
42 61
43 45
43 68
44 16
44 17
45 8
45 32
46 46
46 13
47 18
47 94
48 29
48 99
49 56
49 87
50 6
50 15
51 98
51 18
52 77
52 38
53 85
53 13
54 98
54 55
55 79
55 18
56 24
56 99
57 31
57 18
58 47
58 95
59 53
59 7
60 95
60 17
61 87
61 75
62 39
62 89
63 45
63 4
64 33
64 98
65 16
65 18
66 67
66 88
67 93
67 91
68 76
68 55
69 14
69 91
70 76
70 15
71 48
71 15
72 15
72 55
73 54
73 20
74 62
74 15
75 18
75 77
76 90
76 81
77 78
77 56
78 63
78 15
79 58
79 61
80 87
80 15
81 69
81 15
82 3
82 37
83 67
83 56
84 83
84 28
85 30
85 12
86 83
86 12
87 46
87 27
88 3
88 74
89 44
89 59
90 71
90 11
91 53
91 15
92 21
92 67
93 39
93 1
94 49
94 7
95 4
95 79
96 64
97 78
98 16
99 68
99 15