# Team 178 large instance.
200
100
3
14
27 77
29 80
32 82
36 84
41 85
44 85
48 85
52 85
56 85
60 84
62 84
65 83
68 81
69 78
69 75
69 71
70 68
70 65
70 62
70 59
70 57
70 54
70 51
70 47
70 44
70 41
71 38
71 36
71 33
71 31
71 28
71 26
71 23
71 20
71 17
71 13
71 9
71 5
71 2
68 2
66 2
65 2
62 2
61 3
60 4
58 5
57 7
56 11
55 14
55 17
55 20
55 22
55 23
56 26
55 29
55 32
54 34
53 35
51 36
49 36
47 36
46 36
43 35
43 34
42 31
42 30
41 27
41 24
41 22
40 20
40 18
39 14
38 11
38 10
37 7
37 4
36 2
34 1
32 2
30 2
27 4
25 5
23 7
22 10
22 13
22 17
22 20
22 23
22 26
22 29
22 33
22 37
22 41
22 45
23 47
23 51
22 54
22 56
23 60
23 62
24 65
24 69
25 72
26 75
40 75
38 74
36 72
35 70
34 67
34 64
35 61
37 60
42 58
46 58
50 58
54 57
56 57
60 57
58 57
62 59
63 62
63 65
62 67
60 70
57 72
55 73
51 74
46 75
43 75
49 75
54 74
71 69
74 69
77 69
80 68
83 66
84 63
84 60
83 57
84 54
84 51
84 47
84 45
84 42
84 39
84 38
81 37
78 37
75 37
73 38
80 37
41 73
39 71
38 70
40 69
41 70
43 72
42 73
33 61
36 58
39 57
43 56
47 55
52 55
57 55
61 55
64 57
65 61
65 65
64 68
61 72
57 75
52 76
48 77
43 78
40 77
37 77
34 75
33 72
32 69
31 67
31 64
72 63
74 63
75 63
78 63
80 62
82 62
31 81
35 84
39 85
46 86
50 86
54 85
59 85
71 4
71 11
76 37
22 28
21 32