# Team 179 large instance.
200
100
3
14
0 0
1 1
2 2
3 3
4 4
5 5
6 6
7 7
8 8
9 9
10 10
11 11
12 12
13 13
14 14
15 15
16 16
17 17
18 18
19 19
20 20
21 21
22 22
23 23
24 24
25 25
26 26
27 27
28 28
29 29
30 30
31 31
32 32
33 33
34 34
35 35
36 36
37 37
38 38
39 39
40 40
41 41
42 42
43 43
44 44
45 45
46 46
47 47
48 48
49 49
50 50
51 51
52 52
53 53
54 54
55 55
56 56
57 57
58 58
59 59
60 60
61 61
62 62
63 63
64 64
65 65
66 66
67 67
68 68
69 69
70 70
71 71
72 72
73 73
74 74
75 75
76 76
77 77
78 78
79 79
80 80
81 81
82 82
83 83
84 84
85 85
86 86
87 87
88 88
89 89
90 90
91 91
92 92
93 93
94 94
95 95
96 96
97 97
98 98
99 99
0 99
1 98
2 97
3 96
4 95
5 94
6 93
7 92
8 91
9 90
10 89
11 88
12 87
13 86
14 85
15 84
16 83
17 82
18 81
19 80
20 79
21 78
22 77
23 76
24 75
25 74
26 73
27 72
28 71
29 70
30 69
31 68
32 67
33 66
34 65
35 64
36 63
37 62
38 61
39 60
40 59
41 58
42 57
43 56
44 55
45 54
46 53
47 52
48 51
49 50
50 49
51 48
52 47
53 46
54 45
55 44
56 43
57 42
58 41
59 40
60 39
61 38
62 37
63 36
64 35
65 34
66 33
67 32
68 31
69 30
70 29
71 28
72 27
73 26
74 25
75 24
76 23
77 22
78 21
79 20
80 19
81 18
82 17
83 16
84 15
85 14
86 13
87 12
88 11
89 10
90 9
91 8
92 7
93 6
94 5
95 4
96 3
97 2
98 1
99 0