# Team 182 large instance.
205
100
3
14
98 26
88 64
71 85
14 77
43 26
65 87
54 8
34 66
93 48
50 50
20 15
46 19
3 55
35 12
21 75
53 90
95 61
52 74
15 39
57 42
13 46
29 49
72 76
70 5
82 46
12 20
10 79
71 94
10 36
23 9
34 38
44 45
98 7
57 72
11 74
8 40
12 77
87 76
14 65
67 70
71 11
85 67
54 99
70 50
27 44
79 93
78 13
50 35
19 90
87 37
68 64
94 17
25 1
75 90
88 2
42 60
20 17
28 54
56 48
65 65
55 5
70 49
92 19
70 17
93 27
77 91
18 20
6 31
37 49
83 96
30 49
2 91
83 38
89 90
35 35
83 30
90 39
41 73
56 69
88 77
89 16
89 70
51 41
65 55
74 28
23 90
40 28
24 88
66 25
37 29
29 70
7 70
80 63
98 32
1 82
33 9
22 93
22 83
54 75
82 98
14 22
81 33
94 89
89 12
27 30
3 18
6 98
83 67
46 38
51 72
80 34
24 35
3 31
68 90
85 75
91 27
17 79
49 54
15 66
69 2
89 91
84 97
53 31
8 76
5 51
50 15
71 73
68 81
74 10
38 12
87 81
54 18
53 98
54 92
29 66
7 98
94 45
92 77
41 60
69 90
12 89
75 10
34 12
94 60
93 55
31 67
23 56
42 9
82 89
38 2
81 67
57 84
25 74
86 71
55 25
78 42
46 64
22 60
74 56
45 27
43 38
53 82
48 19
31 97
81 87
54 40
37 39
41 67
82 73
33 39
74 73
72 34
4 33
85 98
67 86
18 94
58 67
48 56
60 36
29 87
81 34
80 65
79 28
96 60
46 13
48 51
12 38
85 10
25 2
23 65
4 53
10 67
72 0
41 24
39 45
12 31
2 38
90 36
44 0
64 34
16 56
17 5
95 28
48 69
87 54