# Team 183 large instance.
195
100
3
14
32 61
89 18
92 27
81 6
6 84
57 69
74 14
34 57
21 22
26 83
51 52
63 70
11 79
79 96
73 23
97 85
57 43
15 52
50 72
54 51
38 40
56 30
96 51
12 56
14 89
29 95
2 38
63 32
48 7
67 11
61 93
10 12
64 60
15 9
5 41
43 67
76 84
13 93
0 13
27 51
25 1
47 50
92 78
29 31
45 75
44 37
11 70
41 49
90 42
38 5
49 46
94 55
76 61
44 14
94 59
17 89
52 90
33 89
29 54
34 66
97 58
45 40
42 75
39 48
33 3
10 15
42 92
32 78
16 26
48 89
82 14
77 94
93 90
79 36
72 86
90 48
39 43
20 23
93 0
48 35
13 30
52 60
28 24
93 59
76 12
98 80
11 91
43 76
12 22
1 65
40 48
84 30
3 22
51 29
95 30
4 32
42 28
19 11
35 93
22 13
94 10
42 20
41 28
83 5
0 38
61 2
85 95
57 36
57 98
47 97
66 12
89 52
42 80
49 86
18 76
94 72
50 60
82 71
63 38
91 88
55 64
89 42
95 46
22 96
6 42
74 2
41 11
69 79
40 12
98 73
30 22
54 39
72 83
99 19
2 16
63 29
72 93
14 67
66 11
78 62
37 86
18 93
91 33
42 4
6 50
57 39
46 8
33 97
16 13
78 51
58 9
82 24
64 94
78 89
48 34
74 15
96 42
54 4
13 88
40 59
2 23
69 24
78 96
21 65
14 13
60 31
81 17
80 63
69 39
84 53
51 82
3 9
26 48
47 58
25 15
52 9
94 74
81 37
32 22
68 14
33 18
87 13
42 25
86 97
76 68
29 10
95 3
14 49
2 45
12 5
47 0
73 29
91 22
56 16
51 28