# Team 184 large instance.
205
100
3
14
1 0
6 4
1 8
6 12
1 16
6 20
1 24
6 28
1 32
6 36
1 40
6 44
1 48
6 52
1 56
6 60
1 64
6 68
1 72
6 76
1 80
6 84
1 88
6 92
1 96
18 0
13 4
18 8
13 12
18 16
13 20
18 24
13 28
18 32
13 36
18 40
13 44
18 48
13 52
18 56
13 60
18 64
13 68
18 72
13 76
18 80
13 84
18 88
13 92
18 96
25 0
30 4
25 8
30 12
25 16
30 20
25 24
30 28
25 32
30 36
25 40
30 44
25 48
30 52
25 56
30 60
25 64
30 68
25 72
30 76
25 80
30 84
25 88
30 92
25 96
42 0
37 4
42 8
37 12
42 16
37 20
42 24
37 28
42 32
37 36
42 40
37 44
42 48
37 52
42 56
37 60
42 64
37 68
42 72
37 76
42 80
37 84
42 88
37 92
42 96
49 0
54 4
49 8
54 12
49 16
54 20
49 24
54 28
49 32
54 36
49 40
54 44
49 48
54 52
49 56
54 60
49 64
54 68
49 72
54 76
49 80
54 84
49 88
54 92
49 96
66 0
61 4
66 8
61 12
66 16
61 20
66 24
61 28
66 32
61 36
66 40
61 44
66 48
61 52
66 56
61 60
66 64
61 68
66 72
61 76
66 80
61 84
66 88
61 92
66 96
73 0
78 4
73 8
78 12
73 16
78 20
73 24
78 28
73 32
78 36
73 40
78 44
73 48
78 52
73 56
78 60
73 64
78 68
73 72
78 76
73 80
78 84
73 88
78 92
73 96
90 0
85 4
90 8
85 12
90 16
85 20
90 24
85 28
90 32
85 36
90 40
85 44
90 48
85 52
90 56
85 60
90 64
85 68
90 72
85 76
90 80
85 84
90 88
85 92
90 96
97 0
97 8
97 16
97 24
97 32