# Team 185 large instance.
198
100
3
14
24 83
37 77
98 37
68 47
94 40
68 27
69 9
20 69
80 46
22 73
52 81
78 38
41 69
64 94
24 49
23 29
80 89
45 96
9 52
71 28
94 21
26 8
21 68
9 35
70 13
95 41
33 78
39 65
32 97
84 15
8 66
97 85
27 11
57 64
97 81
61 32
72 34
55 5
15 2
65 41
14 51
98 19
64 36
81 79
60 44
94 61
33 51
5 71
18 26
55 26
46 0
22 65
11 8
23 18
50 27
84 6
28 87
31 6
32 47
84 7
50 73
97 29
23 6
8 61
95 53
95 64
77 78
64 75
12 21
36 69
49 26
54 36
88 7
88 32
44 26
44 63
49 90
13 54
28 6
63 97
48 92
10 45
16 6
35 67
50 39
28 27
94 48
15 44
6 64
97 40
69 11
78 36
77 41
40 87
84 35
14 40
28 56
32 55
55 31
19 48
80 16
3 43
49 46
90 33
37 22
55 76
87 90
13 96
59 7
90 11
25 32
11 81
78 92
23 14
86 62
41 0
73 11
89 1
39 91
56 77
45 86
64 71
60 85
67 90
7 8
87 10
74 21
75 67
93 12
86 89
18 35
22 76
43 12
41 50
52 17
88 51
47 60
80 40
23 12
97 34
41 67
85 96
57 54
50 1
47 91
73 41
41 6
19 88
38 70
90 53
59 37
86 54
90 27
11 50
84 62
3 22
46 29
34 50
42 3
37 54
52 47
76 0
96 81
70 8
83 41
35 14
72 72
44 86
32 52
6 65
92 57
82 25
64 8
74 98
98 6
30 16
22 42
76 50
8 8
85 36
52 83
71 98
31 80
42 29
42 39
28 2
39 21
68 35
51 23
24 31
16 84
2 4
40 41
51 69
14 60
12 71
70 70
12 22