# Team 186 large instance.
200
100
3
14
68 36
33 53
41 81
24 51
45 77
68 7
50 49
10 16
86 81
2 52
18 80
94 49
70 4
85 88
64 44
4 12
56 11
63 93
34 45
33 11
92 41
71 5
32 57
17 90
12 82
73 27
8 86
2 64
21 71
93 24
6 69
20 42
6 22
26 32
87 22
40 19
17 81
0 50
66 81
28 86
11 74
66 60
54 95
70 49
4 18
66 70
66 67
36 11
55 76
21 35
43 1
8 60
92 23
28 56
82 44
6 93
75 66
61 37
33 30
46 66
80 40
60 91
29 46
56 19
0 24
20 95
84 24
41 90
64 61
74 63
85 61
76 55
17 41
24 16
6 55
89 16
76 75
77 93
13 12
96 58
7 25
97 18
39 13
32 43
43 76
62 98
38 85
43 93
63 62
43 89
0 48
84 28
51 37
36 91
9 29
77 0
92 93
34 27
19 11
12 22
44 35
82 91
38 66
15 15
48 41
88 68
45 92
98 82
79 69
3 88
57 77
93 31
17 68
84 52
8 13
99 15
6 66
47 86
54 56
78 99
30 33
64 33
95 80
25 48
43 49
30 0
2 43
99 68
35 39
57 46
68 4
11 53
29 91
97 66
2 5
2 96
36 10
55 64
69 72
34 91
95 67
8 53
85 38
82 28
55 44
12 32
86 83
24 85
92 79
15 35
60 13
19 44
5 66
98 39
95 59
18 61
25 23
4 45
5 4
93 14
1 7
55 73
18 68
67 19
57 13
73 28
16 51
15 30
46 65
41 3
62 31
47 8
23 25
41 74
42 40
24 65
8 22
71 78
19 12
53 72
41 88
55 86
74 77
8 28
13 23
46 55
60 54
75 69
28 90
59 22
29 5
50 64
32 63
55 83
39 30
39 67
21 48
6 70
60 1
32 8