# Team 187 large instance.
198
100
3
14
82 1
32 87
20 8
24 91
49 17
35 19
38 30
0 44
25 40
92 39
42 85
73 15
47 13
95 98
18 5
23 54
10 89
76 84
36 29
61 96
62 14
65 88
33 37
43 92
16 75
69 3
11 97
58 64
99 2
72 52
31 41
57 46
83 67
27 66
26 90
4 56
74 6
9 86
70 94
7 22
79 21
34 55
45 77
59 48
81 68
63 60
78 71
28 80
51 12
50 53
92 40
80 91
47 14
33 60
27 29
42 36
46 6
67 78
10 51
77 23
9 53
60 12
83 24
5 19
94 48
38 56
75 35
71 95
76 30
62 43
21 36
63 85
20 81
58 87
52 99
22 69
64 39
3 41
90 34
84 89
98 74
68 57
65 72
73 11
49 1
4 54
15 32
55 45
16 97
2 17
93 26
8 66
44 31
50 13
86 70
59 7
79 0
18 96
88 28
25 1
15 94
70 80
34 6
52 0
58 74
95 4
46 45
1 27
67 71
76 7
77 79
25 82
18 89
66 32
98 65
17 2
33 61
93 31
63 68
41 91
22 60
86 48
23 36
42 37
57 35
43 62
5 20
19 2
73 21
84 83
16 53
64 81
92 29
14 72
54 38
24 97
30 69
96 75
88 78
13 56
26 49
9 10
85 90
99 51
50 39
44 55
87 59
47 11
40 8
28 12
70 46
84 9
73 96
91 87
21 42
13 25
41 24
0 56
72 95
26 75
44 63
74 48
98 62
60 17
39 31
77 10
89 40
7 68
11 69
57 67
78 14
22 99
82 45
29 94
23 90
19 3
5 85
2 52
83 58
18 8
55 35
4 12
32 37
51 61
50 27
33 86
79 64
43 93
15 47
66 81
28 20
34 65
16 54
36 59
71 30
1 88
92 53
76 6