# Team 188 large instance.
200
100
3
14
33 54
40 34
96 42
4 3
12 17
27 12
61 83
50 40
12 5
41 87
54 61
83 62
81 13
30 50
63 68
21 0
88 47
64 9
74 32
51 46
30 25
41 50
58 46
18 77
96 7
52 67
83 12
92 35
48 25
60 81
49 10
71 1
75 56
33 88
42 22
19 10
4 87
2 31
13 11
94 58
19 6
60 17
17 16
60 6
26 80
32 13
15 93
59 12
3 72
77 9
55 19
9 88
23 69
39 12
74 75
15 17
82 50
87 22
45 75
67 96
73 97
46 31
31 83
72 27
74 82
29 61
63 70
62 77
31 43
10 80
30 82
93 25
34 75
90 40
31 80
7 41
99 71
80 89
62 20
55 87
80 16
42 13
68 55
95 23
68 51
98 99
56 23
89 88
24 85
6 97
54 73
23 0
62 95
54 80
69 38
96 59
80 20
27 26
5 44
10 62
27 72
56 41
61 26
29 17
81 94
61 7
14 54
51 50
34 14
64 26
75 35
53 12
83 98
7 53
86 71
11 20
10 22
9 23
39 4
49 20
83 47
63 99
42 87
19 7
42 57
4 49
4 43
31 97
81 4
13 18
24 35
98 2
71 97
76 97
0 61
63 57
28 25
59 85
19 47
82 72
44 49
7 74
7 43
80 35
28 69
50 88
24 1
26 87
70 30
93 81
58 11
31 63
8 18
87 56
29 49
6 85
3 97
47 51
7 14
46 81
6 76
58 24
24 6
36 3
58 16
42 79
80 59
17 94
1 91
17 70
96 72
46 82
81 83
37 32
43 79
25 49
66 27
54 88
97 46
4 33
68 62
60 8
89 29
85 6
85 0
25 25
1 6
13 57
83 25
54 9
5 45
47 25
4 55
1 42
10 85
78 4
48 80
46 9
7 8
49 84