# Team 189 large instance.
200
100
3
14
39 40
41 42
41 40
41 38
45 42
45 40
45 38
47 40
31 72
33 74
33 72
33 70
37 74
37 72
37 70
39 72
8 36
10 38
10 36
10 34
14 38
14 36
14 34
16 36
47 86
49 88
49 86
49 84
53 88
53 86
53 84
55 86
28 26
30 28
30 26
30 24
34 28
34 26
34 24
36 26
74 86
76 88
76 86
76 84
80 88
80 86
80 84
82 86
79 35
81 37
81 35
81 33
85 37
85 35
85 33
87 35
23 37
25 39
25 37
25 35
29 39
29 37
29 35
31 37
43 26
45 28
45 26
45 24
49 28
49 26
49 24
51 26
13 20
15 22
15 20
15 18
19 22
19 20
19 18
21 20
14 56
16 58
16 56
16 54
20 58
20 56
20 54
22 56
87 50
89 52
89 50
89 48
93 52
93 50
93 48
95 50
43 4
45 6
45 4
45 2
49 6
49 4
49 2
51 4
53 14
55 16
55 14
55 12
59 16
59 14
59 12
61 14
6 76
8 78
8 76
8 74
12 78
12 76
12 74
14 76
77 42
79 44
79 42
79 40
83 44
83 42
83 40
85 42
33 81
35 83
35 81
35 79
39 83
39 81
39 79
41 81
6 85
8 87
8 85
8 83
12 87
12 85
12 83
14 85
58 29
60 31
60 29
60 27
64 31
64 29
64 27
66 29
84 72
86 74
86 72
86 70
90 74
90 72
90 70
92 72
36 7
38 9
38 7
38 5
42 9
42 7
42 5
44 7
20 80
22 82
22 80
22 78
26 82
26 80
26 78
28 80
85 83
87 85
87 83
87 81
91 85
91 83
91 81
93 83
32 29
34 31
34 29
34 27
38 31
38 29
38 27
40 29
71 14
73 16
73 14
73 12
77 16
77 14
77 12
79 14