# Team 190 large instance.
200
100
3
14
5 68
20 17
93 34
68 10
74 99
4 74
56 73
47 50
28 59
35 66
91 80
4 65
4 30
61 90
39 35
68 0
37 43
52 73
77 86
90 87
87 34
76 62
53 20
24 80
1 88
29 72
92 32
41 68
12 3
97 57
15 21
7 42
54 88
81 61
90 4
82 38
72 11
0 5
52 65
67 61
83 77
51 14
59 97
54 9
2 31
13 2
16 22
95 10
57 14
36 52
51 16
19 40
8 77
5 16
40 95
85 99
72 23
55 68
57 68
15 94
56 11
18 42
69 24
42 15
55 73
93 59
17 83
75 49
35 70
82 30
19 65
46 44
58 0
80 19
81 41
82 65
22 63
14 95
73 41
82 72
99 95
95 50
37 57
12 79
55 66
3 38
15 81
34 77
54 70
62 52
9 38
65 12
26 23
13 23
50 82
8 44
58 84
34 11
12 32
55 50
50 30
67 4
81 46
1 84
41 83
72 80
26 49
93 55
39 34
8 37
71 28
34 59
17 39
33 80
43 84
19 53
89 32
68 99
57 3
82 22
18 3
18 56
54 3
75 39
17 26
73 27
37 79
59 96
64 91
43 72
32 14
62 93
16 67
86 18
55 70
52 3
43 0
72 82
2 93
52 77
30 2
45 6
62 91
83 30
89 1
91 69
68 97
64 56
5 96
99 22
56 26
48 25
21 46
56 52
11 26
33 96
7 53
68 6
81 18
77 20
41 25
70 7
98 17
73 83
75 87
37 29
34 42
93 35
51 82
69 57
42 92
32 67
18 21
23 57
48 8
8 79
68 72
7 75
27 58
33 94
37 66
30 26
32 79
2 3
67 37
84 0
53 73
8 93
50 74
4 77
68 47
81 68
40 61
55 21
42 30
34 9
84 49
9 58
51 86
35 99