# Team 191 large instance.
201
100
3
14
38 15
59 18
54 79
95 88
80 48
20 50
7 26
29 74
42 55
66 69
31 84
33 56
10 25
61 2
71 49
70 22
40 6
91 4
46 3
8  1
30 59
96 27
75 47
92 99
62 89
32 78
68 90
35 73
34 57
24 93
98 16
28 51
65 37
44 86
72 9
67 23
87 13
77 19
64 83
53 5
17 81
85 82
43 36
39 11
97 52
94 76
12 58
45 0
63 41
14 21
6 98
38 37
40 97
19 24
63 28
72 22
84 68
34 11
42 16
76 88
7 3
81 4
65 23
9 12
2 85
50 43
30 57
70 47
87 49
54 67
33 41
69 99
21 59
10 51
95 35
26 46
55 77
78 13
96 64
15 48
14 44
25 5
71 86
82 73
29 18
31 89
90 83
60 94
74 39
45 93
91 61
79 75
56 0
80 58
27 62
32 52
17 8
36 53
66 1
20 92
86 32
71 4
88 13
82 2
64 1
30 60
16 58
12 9
5 78
84 92
37 22
23 91
97 81
41 3
44 6
0 51
62 99
53 77
79 65
38 72
94 45
56 15
67 68
7 21
48 70
35 52
74 25
90 57
49 18
69 10
83 39
19 66
11 17
36 73
87 63
34 20
59 26
14 61
27 75
46 95
96 93
24 31
89 29
80 55
76 33
8 40
54 98
42 47
43 50
85 28
41 22
18 16
79 32
82 31
73 76
95 15
99 67
26 61
19 85
20 13
2 8
78 27
9 25
75 84
89 87
39 24
57 28
72 60
65 11
34 38
3 21
46 71
30 53
81 58
77 91
92 69
98 55
51 4
47 68
90 23
33 14
29 6
35 50
86 45
0 44
93 48
54 12
88 56
63 80
1 17
36 70
42 7
59 64
94 49
5 74
40 43
97 83
37 10
66 96
62 52
50 50