# Team 192 large instance.
204
100
3
14
77 17
17 9
27 82
61 49
83 40
34 14
11 8
59 52
78 80
20 93
71 14
42 85
2 51
50 95
40 92
71 74
35 47
76 43
29 31
89 20
8 9
3 71
71 46
59 25
43 37
72 40
5 7
4 32
40 49
34 39
39 52
26 62
26 35
77 31
13 6
9 68
46 26
42 90
54 85
82 86
44 72
96 86
3 28
58 29
57 96
37 28
60 39
15 6
36 78
19 83
74 73
45 17
20 49
78 64
39 95
5 40
89 84
12 82
96 68
31 90
81 99
42 63
36 29
16 75
11 35
85 72
9 64
45 69
79 78
97 91
10 83
69 92
53 44
79 34
89 71
48 88
87 84
97 50
6 59
13 37
68 52
85 68
55 5
74 30
14 45
43 56
6 10
7 75
33 29
53 42
32 40
1 38
77 4
36 22
79 16
58 99
63 4
86 9
86 16
1 57
25 97
42 12
96 77
7 52
24 64
50 46
71 89
46 92
51 84
16 48
51 69
5 44
8 81
73 65
88 13
66 97
50 37
87 88
41 72
51 70
47 81
32 85
86 59
25 31
86 78
85 0
52 48
80 10
20 40
13 36
88 71
60 75
39 6
17 25
27 9
80 54
13 40
72 72
23 77
40 17
97 96
52 5
0 88
81 81
85 88
49 29
54 39
34 0
41 96
36 60
90 93
54 13
60 73
35 48
46 10
1 50
54 5
87 48
70 95
96 49
49 17
54 52
92 55
48 56
40 65
64 89
4 4
39 11
16 1
58 61
73 4
32 44
33 84
3 27
80 50
17 44
71 64
26 2
62 36
48 49
73 14
31 20
1 95
38 55
4 80
73 97
81 89
76 36
0 51
84 47
88 98
40 7
87 51
63 6
9 93
39 45
3 53
48 86
64 0
24 14
24 27
91 41
92 42
97 23