# Team 193 large instance.
200
100
3
14
26 85
36 53
27 59
63 89
92 79
86 38
49 53
43 12
83 30
96 24
59 39
75 35
32 30
25 34
22 74
28 5
56 21
65 54
47 73
54 24
20 31
30 57
51 9
92 26
78 36
43 14
52 17
86 3
79 19
33 95
26 89
61 56
96 53
34 23
9 3
0 0
57 52
36 84
97 33
86 33
32 62
37 83
4 25
76 74
28 89
89 38
49 66
94 98
68 79
33 33
25 84
48 15
8 52
8 61
57 45
11 2
86 35
12 31
69 92
81 57
38 68
1 12
90 78
24 87
20 1
73 16
71 83
34 9
2 38
8 54
4 11
77 34
50 17
3 94
79 62
66 77
80 39
24 7
17 32
13 80
73 9
98 93
93 42
20 67
39 80
47 72
86 21
20 85
52 62
92 89
13 64
38 63
69 41
16 69
57 15
45 59
88 94
86 5
2 33
29 17
63 83
40 26
20 87
69 71
26 36
51 65
4 70
5 77
32 70
25 1
90 2
15 63
50 85
59 97
76 76
63 58
47 49
95 74
89 67
14 73
94 8
87 88
52 66
97 98
43 8
60 79
24 68
44 80
0 77
27 39
91 42
64 58
97 0
37 50
22 61
57 28
23 5
63 23
17 56
97 18
72 83
24 43
92 77
24 6
99 9
48 9
92 98
99 27
51 26
9 36
37 52
75 36
98 31
46 94
33 39
50 55
59 3
72 30
21 28
83 46
88 57
39 54
37 91
36 37
94 88
17 97
54 61
77 1
92 54
31 13
12 0
84 34
15 44
64 92
91 21
55 98
5 24
68 7
46 16
51 30
76 29
89 2
38 85
42 37
92 1
18 24
26 92
79 95
16 91
78 20
42 64
36 78
93 75
37 22
88 70
91 87
68 9
74 25
92 95
68 27