# Team 194 large instance.
200
100
3
14
11 11
61 11
11 61
61 61
11 39
61 39
11 89
61 89
42 42
92 42
42 92
92 92
42 8
92 8
42 58
92 58
28 28
78 28
28 78
78 78
28 22
78 22
28 72
78 72
40 40
90 40
40 90
90 90
40 10
90 10
40 60
90 60
20 20
70 20
20 70
70 70
20 30
70 30
20 80
70 80
33 33
83 33
33 83
83 83
33 17
83 17
33 67
83 67
2 2
52 2
2 52
52 52
2 48
52 48
2 98
52 98
35 35
85 35
35 85
85 85
35 15
85 15
35 65
85 65
37 37
87 37
37 87
87 87
37 13
87 13
37 63
87 63
5 5
55 5
5 55
55 55
5 45
55 45
5 95
55 95
15 15
65 15
15 65
65 65
15 35
65 35
15 85
65 85
45 45
95 45
45 95
95 95
45 5
95 5
45 55
95 55
9 9
59 9
9 59
59 59
9 41
59 41
9 91
59 91
3 3
53 3
3 53
53 53
3 47
53 47
3 97
53 97
47 47
97 47
47 97
97 97
47 3
97 3
47 53
97 53
18 18
68 18
18 68
68 68
18 32
68 32
18 82
68 82
31 31
81 31
31 81
81 81
31 19
81 19
31 69
81 69
13 13
63 13
13 63
63 63
13 37
63 37
13 87
63 87
23 23
73 23
23 73
73 73
23 27
73 27
23 77
73 77
8 8
58 8
8 58
58 58
8 42
58 42
8 92
58 92
43 43
93 43
43 93
93 93
43 7
93 7
43 57
93 57
21 21
71 21
21 71
71 71
21 29
71 29
21 79
71 79
4 4
54 4
4 54
54 54
4 46
54 46
4 96
54 96
32 32
82 32
32 82
82 82
32 18
82 18
32 68
82 68
10 10
60 10
10 60
60 60
10 40
60 40
10 90
60 90