# Team 195 large instance.
200
100
3
14
46 67
49 81
43 68
97 7
84 33
86 93
33 59
1 72
24 6
9 29
46 57
89 43
23 95
1 32
66 48
51 34
86 18
83 24
82 91
40 50
12 15
5 41
19 62
21 29
26 1
41 72
74 27
99 46
60 81
19 48
4 56
6 84
51 73
33 7
55 44
64 98
6 5
12 96
19 25
3 8
29 60
26 91
1 14
23 4
57 5
82 95
21 25
79 86
92 85
46 22
35 27
55 33
16 45
71 67
28 88
81 65
14 63
43 26
39 21
97 66
72 33
84 85
98 87
38 86
6 61
3 33
55 67
85 32
22 41
21 23
18 9
83 11
46 62
11 77
22 95
74 83
30 71
25 91
96 95
52 34
75 63
18 92
51 71
80 44
22 42
63 10
68 76
0 33
13 78
44 50
37 52
9 13
31 42
86 11
63 54
81 8
1 31
67 53
37 85
96 62
90 71
90 44
61 17
81 12
25 59
80 5
32 99
65 45
94 52
94 10
95 93
97 32
9 39
40 0
33 70
24 29
16 57
70 36
27 2
71 97
92 16
40 83
23 48
93 72
28 49
5 76
21 33
39 49
12 22
30 76
88 6
30 59
77 46
17 30
13 29
48 79
15 57
48 85
36 77
56 47
85 95
35 12
72 58
39 53
65 61
74 2
78 15
47 93
3 2
1 78
91 90
70 14
80 51
76 17
96 68
63 89
18 49
80 17
48 2
56 50
42 60
83 99
11 14
97 53
2 56
87 42
74 39
48 72
60 8
45 80
30 8
64 19
82 53
35 10
45 68
52 30
23 50
89 41
41 49
97 25
64 63
35 97
76 92
52 36
10 80
49 92
3 75
66 9
66 60
19 99
39 82
68 94
23 49
27 49
85 22
81 49
80 81
20 66
33 77
41 93