# Team 196 large instance.
205
100
3
14
0 0
0 6
0 12
0 18
0 24
0 30
0 36
0 42
0 48
0 54
0 60
0 66
0 72
0 78
0 84
0 90
0 96
4 3
4 9
4 15
4 21
4 27
4 33
4 39
4 45
4 51
4 57
4 63
4 69
4 75
4 81
4 87
4 93
4 99
8 0
8 6
8 12
8 18
8 24
8 30
8 36
8 42
8 48
8 54
8 60
8 66
8 72
8 78
8 84
8 90
8 96
12 3
12 9
12 15
12 21
12 27
12 33
12 39
12 45
12 51
12 57
12 63
12 69
12 75
12 81
12 87
12 93
12 99
16 0
16 6
16 12
16 18
16 24
16 30
16 36
16 42
16 48
16 54
16 60
16 66
16 72
16 78
16 84
16 90
16 96
20 3
20 9
20 15
20 21
20 27
20 33
20 39
20 45
20 51
20 57
20 63
20 69
20 75
20 81
20 87
20 93
20 99
24 0
24 6
24 12
24 18
24 24
24 30
24 36
24 42
24 48
24 54
24 60
24 66
24 72
24 78
24 84
24 90
24 96
28 3
28 9
28 15
28 21
28 27
28 33
28 39
28 45
28 51
28 57
28 63
28 69
28 75
28 81
28 87
28 93
28 99
32 0
32 6
32 12
32 18
32 24
32 30
32 36
32 42
32 48
32 54
32 60
32 66
32 72
32 78
32 84
32 90
32 96
36 3
36 9
36 15
36 21
36 27
36 33
36 39
36 45
36 51
36 57
36 63
36 69
36 75
36 81
36 87
36 93
36 99
40 0
40 6
40 12
40 18
40 24
40 30
40 36
40 42
40 48
40 54
40 60
40 66
40 72
40 78
40 84
40 90
40 96
44 3
44 9
44 15
44 21
44 27
44 33
44 39
44 45
44 51
44 57
44 63
44 69
44 75
44 81
44 87
44 93
44 99
48 0