# Team 197 large instance.
205
100
3
14
0 0
2 0
4 0
6 0
8 0
12 0
14 0
16 0
18 0
20 0
24 0
26 0
28 0
30 0
32 0
36 0
38 0
40 0
42 0
44 0
48 0
50 0
52 0
54 0
56 0
60 0
62 0
64 0
66 0
68 0
72 0
74 0
76 0
78 0
80 0
84 0
86 0
88 0
90 0
92 0
0 12
2 12
4 12
6 12
8 12
12 12
14 12
16 12
18 12
20 12
24 12
26 12
28 12
30 12
32 12
36 12
38 12
40 12
42 12
44 12
48 12
50 12
52 12
54 12
56 12
60 12
62 12
64 12
66 12
68 12
72 12
74 12
76 12
78 12
80 12
84 12
86 12
88 12
90 12
92 12
0 24
2 24
4 24
6 24
8 24
12 24
14 24
16 24
18 24
20 24
24 24
26 24
28 24
30 24
32 24
36 24
38 24
40 24
42 24
44 24
48 24
50 24
52 24
54 24
56 24
60 24
62 24
64 24
66 24
68 24
72 24
74 24
76 24
78 24
80 24
84 24
86 24
88 24
90 24
92 24
0 36
2 36
4 36
6 36
8 36
12 36
14 36
16 36
18 36
20 36
24 36
26 36
28 36
30 36
32 36
36 36
38 36
40 36
42 36
44 36
48 36
50 36
52 36
54 36
56 36
60 36
62 36
64 36
66 36
68 36
72 36
74 36
76 36
78 36
80 36
84 36
86 36
88 36
90 36
92 36
0 48
2 48
4 48
6 48
8 48
12 48
14 48
16 48
18 48
20 48
24 48
26 48
28 48
30 48
32 48
36 48
38 48
40 48
42 48
44 48
48 48
50 48
52 48
54 48
56 48
60 48
62 48
64 48
66 48
68 48
72 48
74 48
76 48
78 48
80 48
84 48
86 48
88 48
90 48
92 48
0 60
2 60
4 60
6 60
8 60