# Team 198 large instance.
200
100
3
14
0 31
0 34
0 52
0 59
0 61
1 87
2 42
2 56
3 51
4 1
5 36
5 57
5 81
6 8
6 11
6 45
6 53
7 18
7 41
7 56
8 28
8 56
8 58
8 87
8 99
9 87
11 2
11 5
12 26
12 64
13 61
13 85
13 98
14 4
14 58
14 93
15 20
15 27
15 34
16 52
16 68
18 8
18 28
18 61
18 63
18 87
19 53
19 98
20 35
21 84
23 17
23 50
24 58
24 62
24 72
24 87
25 71
25 75
26 84
27 54
27 57
28 4
30 0
30 61
31 16
31 32
31 82
32 25
32 95
34 6
34 21
34 49
34 99
35 16
35 50
35 54
36 33
36 37
36 46
39 11
39 16
43 68
43 73
44 25
44 67
45 37
46 12
47 50
47 51
47 52
48 13
48 47
48 53
48 61
48 88
49 46
50 16
51 15
51 48
52 95
53 45
53 53
53 56
53 72
53 74
53 89
54 42
54 99
55 28
55 98
57 75
57 77
57 96
58 45
59 33
59 54
59 73
59 93
60 5
60 7
60 58
60 68
60 74
61 1
61 64
62 41
62 92
63 12
63 30
63 84
66 59
68 26
68 62
69 99
70 0
70 12
70 31
70 41
70 88
71 13
72 4
72 9
72 59
72 96
73 14
73 28
73 49
73 61
74 6
74 14
74 25
74 74
74 87
75 52
76 9
76 25
77 29
77 43
77 61
77 82
78 25
78 31
79 86
79 91
80 9
80 12
80 30
80 71
81 14
81 24
81 92
82 62
83 19
83 46
84 63
84 84
85 13
85 71
86 15
86 55
87 0
87 89
88 34
88 42
88 49
88 75
89 76
90 7
91 20
91 30
93 49
93 62
93 72
94 11
95 83
95 91
96 9
97 87
99 22
99 66