# Team 199 large instance.
200
100
3
14
26 79
86 51
92 30
61 34
24 10
9 44
34 77
85 69
96 63
43 45
21 44
32 62
39 70
63 79
79 52
20 18
49 5
99 71
50 62
62 23
19 31
42 76
1 81
36 56
61 12
11 83
39 42
75 87
98 67
36 30
49 34
88 58
99 76
6 60
19 74
40 17
93 40
70 22
96 40
17 49
41 47
8 28
58 35
38 50
74 92
99 53
2 20
88 78
26 24
72 93
14 89
13 56
79 77
9 16
77 37
12 54
59 0
70 12
44 25
35 94
69 42
35 39
47 2
43 83
27 70
10 15
46 26
5 11
38 66
62 86
66 48
94 45
31 34
80 0
7 83
20 47
27 66
79 95
26 3
84 89
38 89
67 52
39 39
35 54
41 53
78 77
71 35
5 38
82 37
25 34
52 86
82 33
5 36
59 91
65 42
12 87
89 31
32 27
25 18
56 18
2 94
50 90
4 12
62 94
62 75
43 74
64 21
33 39
7 49
21 83
28 25
54 87
64 36
84 83
4 32
83 35
75 80
26 23
19 75
64 12
4 2
96 74
21 30
95 58
42 41
76 42
38 80
78 28
24 42
41 67
63 75
75 18
68 6
64 52
94 58
60 89
95 42
16 44
2 12
16 33
48 62
87 50
99 24
61 3
28 55
29 59
19 21
2 76
56 88
31 21
92 58
24 87
42 30
1 52
12 57
5 48
22 76
60 69
1 73
45 33
45 12
85 14
60 43
38 23
43 3
46 62
63 63
2 98
44 6
71 85
6 68
61 57
57 18
21 4
28 19
89 29
83 74
76 2
17 61
87 78
43 21
49 61
99 28
12 50
25 72
61 87
92 69
50 80
54 88
88 33
21 73
77 53
25 93
26 88
87 49
72 60
44 47
72 22
1 1
43 94