# Team 200 large instance.
200
100
3
14
9 98
28 49
61 76
80 28
41 65
78 28
76 28
88 78
90 14
69 16
26 37
71 50
0 23
87 18
27 46
90 82
98 98
38 70
53 5
37 57
45 73
57 85
90 5
14 59
1 94
19 76
76 87
84 27
1 98
29 32
49 0
56 63
1 85
7 38
49 51
35 99
0 5
91 60
38 48
82 31
86 65
29 53
28 6
5 8
33 23
44 86
12 25
93 64
42 22
74 66
58 54
63 37
79 69
49 25
42 56
38 22
84 86
42 73
67 24
29 91
81 56
86 56
10 46
53 89
54 76
61 92
53 29
5 84
35 35
44 17
1 38
97 29
81 81
24 6
67 2
55 97
56 20
5 88
96 50
87 4
10 88
2 89
40 39
6 42
31 56
93 97
61 70
17 11
16 62
0 47
25 61
15 28
36 43
62 44
16 32
8 16
10 96
83 76
89 89
14 66
13 79
9 19
24 35
42 17
35 34
8 37
62 65
81 17
87 16
84 64
65 2
68 35
28 85
42 68
87 33
73 18
42 85
79 4
45 88
64 22
57 36
71 22
87 54
29 26
61 6
22 43
93 84
31 77
2 63
21 78
82 8
90 41
94 58
61 10
5 49
40 29
3 49
81 12
16 48
8 96
8 49
21 48
26 17
95 58
3 19
52 32
10 19
41 50
32 0
68 17
72 13
62 18
20 5
80 46
73 98
92 32
37 20
53 49
40 84
17 52
49 70
54 70
66 85
41 88
26 89
95 2
61 5
24 76
62 26
25 94
23 94
61 90
20 0
58 77
79 92
10 99
48 49
65 47
68 80
11 5
49 99
1 87
54 35
40 20
97 78
80 96
76 33
99 48
35 24
19 73
64 72
96 5
88 87
16 13
46 74
62 42
84 41
95 69
12 30
77 75