# Team 201 large instance.
195
100
3
14
0 0
0 4
4 0
4 4
1 1
1 2
1 3
2 1
2 2
2 3
3 1
3 2
3 3
6 6
6 10
10 6
10 10
7 7
7 8
7 9
8 7
8 8
8 9
9 7
9 8
9 9
12 12
12 16
16 12
16 16
13 13
13 14
13 15
14 13
14 14
14 15
15 13
15 14
15 15
18 18
18 22
22 18
22 22
19 19
19 20
19 21
20 19
20 20
20 21
21 19
21 20
21 21
24 24
24 28
28 24
28 28
25 25
25 26
25 27
26 25
26 26
26 27
27 25
27 26
27 27
30 30
30 34
34 30
34 34
31 31
31 32
31 33
32 31
32 32
32 33
33 31
33 32
33 33
36 36
36 40
40 36
40 40
37 37
37 38
37 39
38 37
38 38
38 39
39 37
39 38
39 39
42 42
42 46
46 42
46 46
43 43
43 44
43 45
44 43
44 44
44 45
45 43
45 44
45 45
48 48
48 52
52 48
52 52
49 49
49 50
49 51
50 49
50 50
50 51
51 49
51 50
51 51
54 54
54 58
58 54
58 58
55 55
55 56
55 57
56 55
56 56
56 57
57 55
57 56
57 57
60 60
60 64
64 60
64 64
61 61
61 62
61 63
62 61
62 62
62 63
63 61
63 62
63 63
66 66
66 70
70 66
70 70
67 67
67 68
67 69
68 67
68 68
68 69
69 67
69 68
69 69
72 72
72 76
76 72
76 76
73 73
73 74
73 75
74 73
74 74
74 75
75 73
75 74
75 75
78 78
78 82
82 78
82 82
79 79
79 80
79 81
80 79
80 80
80 81
81 79
81 80
81 81
84 84
84 88
88 84
88 88
85 85
85 86
85 87
86 85
86 86
86 87
87 85
87 86
87 87