# Team 202 large instance.
198
100
3
14
34 31
39 39
78 7
5 21
42 74
40 1
57 87
16 99
73 62
91 10
25 45
7 29
0 11
53 11
58 64
32 29
86 89
43 33
79 8
18 34
47 42
3 22
45 57
60 2
71 90
46 61
48 79
11 71
4 24
84 6
94 46
76 83
11 20
37 61
34 73
9 95
95 43
27 46
3 67
5 73
79 84
48 12
82 77
23 82
56 14
75 90
86 75
27 44
85 32
52 99
62 13
47 71
55 10
10 22
89 30
65 86
64 8
1 60
71 8
46 38
29 7
71 27
67 67
35 38
21 11
74 82
79 27
78 5
33 46
76 62
20 29
11 19
7 92
13 51
67 33
89 43
20 24
58 73
35 26
84 89
45 91
24 20
12 80
45 35
29 21
21 6
18 77
73 88
82 2
16 83
36 70
28 2
26 4
22 15
27 67
64 52
71 24
34 59
72 34
88 83
82 96
3 20
56 29
70 94
49 39
34 34
84 65
98 17
12 81
28 76
66 64
10 57
47 50
87 63
43 14
31 93
8 73
53 47
24 18
7 2
9 56
60 6
85 19
8 14
27 88
16 39
78 61
28 86
7 85
77 11
70 71
54 13
36 24
20 58
8 45
24 39
24 78
24 10
3 43
56 20
52 24
32 81
21 96
36 32
61 87
13 76
31 87
93 41
85 44
71 63
80 36
97 17
77 33
1 1
54 30
27 19
83 43
78 74
49 74
47 84
60 66
10 48
46 4
38 66
49 23
89 97
19 4
13 5
96 80
29 16
38 61
36 85
33 10
83 51
42 15
88 27
1 31
9 12
92 98
83 59
14 12
42 10
5 16
50 18
73 1
97 60
84 78
38 64
88 61
95 67
76 57
5 31
6 90
61 38
36 37
26 20
97 0
39 67