# Team 203 large instance.
200
100
3
14
11 52
78 32
15 46
83 64
60 32
22 50
25 47
3 38
56 21
24 14
63 39
86 21
39 70
43 87
31 41
43 71
60 90
41 13
36 81
27 5
78 96
39 85
68 95
35 15
99 67
72 59
76 24
45 80
88 79
82 29
27 50
7 69
12 58
45 0
56 53
25 21
85 43
62 40
44 17
29 69
82 97
3 76
43 23
8 50
88 55
28 18
81 92
30 94
79 69
37 1
17 26
40 73
85 30
57 29
41 74
58 42
77 93
56 8
18 24
98 5
53 95
42 68
74 28
46 50
0 84
84 65
39 33
50 36
9 87
65 65
21 36
20 31
28 20
2 36
87 50
91 70
74 86
8 87
45 20
2 66
20 95
74 74
91 89
12 85
32 18
38 80
76 91
76 72
91 21
34 70
91 77
89 21
88 13
22 15
59 36
87 58
72 56
86 69
19 16
73 97
92 25
25 86
23 44
33 57
57 55
44 86
94 62
38 27
86 3
37 47
61 38
70 9
1 20
50 43
34 40
78 75
69 52
17 87
6 14
31 38
21 68
46 75
34 66
21 59
66 3
59 46
8 11
96 83
12 72
14 71
12 7
97 48
68 91
63 12
15 0
72 64
33 88
95 47
35 34
1 12
41 79
35 13
38 36
1 72
50 96
40 91
61 60
61 80
38 75
35 92
77 91
65 67
65 37
78 4
87 29
83 92
2 75
86 72
86 13
34 77
96 99
3 26
29 61
24 52
22 76
37 79
26 32
76 57
43 61
2 27
14 15
59 63
95 26
24 62
3 40
86 4
86 47
48 49
67 27
69 10
4 64
17 13
17 73
69 55
23 16
88 84
44 41
42 31
64 10
56 82
5 65
3 16
31 30
79 90
50 20
73 98
83 65
91 5
81 66
34 75