# Team 204 large instance.
200
100
3
14
0 53
1 44
2 55
3 46
4 44
5 55
6 52
7 53
8 59
9 47
10 56
11 46
12 51
13 51
14 44
15 43
16 44
17 53
18 52
19 58
20 54
21 44
22 58
23 58
24 54
25 53
26 42
27 41
28 45
29 48
30 41
31 57
32 49
33 53
34 44
35 46
36 42
37 54
38 55
39 44
40 54
41 41
42 47
43 43
44 54
45 46
46 49
47 49
48 49
49 45
50 51
51 56
52 49
53 43
54 40
55 42
56 41
57 41
58 42
59 51
60 56
61 57
62 53
63 52
64 46
65 58
66 52
67 54
68 54
69 57
70 54
71 58
72 50
73 50
74 45
75 58
76 51
77 49
78 46
79 45
80 52
81 49
82 51
83 53
84 57
85 46
86 53
87 58
88 49
89 45
90 45
91 46
92 52
93 45
94 56
95 47
96 41
97 40
98 40
99 52
0 51
1 57
2 54
3 45
4 58
5 45
6 54
7 42
8 44
9 53
10 59
11 55
12 59
13 52
14 58
15 56
16 53
17 48
18 57
19 42
20 49
21 48
22 49
23 41
24 48
25 47
26 49
27 55
28 52
29 51
30 52
31 59
32 46
33 57
34 56
35 49
36 48
37 50
38 40
39 53
40 58
41 44
42 43
43 49
44 45
45 48
46 45
47 58
48 40
49 43
50 54
51 50
52 46
53 51
54 45
55 57
56 48
57 59
58 58
59 56
60 44
61 41
62 45
63 47
64 44
65 48
66 57
67 40
68 58
69 44
70 58
71 45
72 40
73 43
74 57
75 54
76 56
77 43
78 49
79 58
80 53
81 42
82 57
83 48
84 48
85 47
86 47
87 52
88 43
89 55
90 58
91 45
92 57
93 54
94 51
95 56
96 57
97 48
98 55
99 54