# Team 205 large instance.
201
100
3
14
0 0
10 0
20 0
30 0
40 0
50 0
60 0
70 0
80 0
90 0
99 0
0 9
10 9
20 9
30 9
40 9
50 9
60 9
70 9
80 9
90 9
99 9
0 19
10 19
20 19
30 19
40 19
50 19
60 19
70 19
80 19
90 19
99 19
0 29
10 29
20 29
30 29
40 29
50 29
60 29
70 29
80 29
90 29
99 29
0 39
10 39
20 39
30 39
40 39
50 39
60 39
70 39
80 39
90 39
99 39
0 49
10 49
20 49
30 49
40 49
50 49
60 49
70 49
80 49
90 49
99 49
0 59
10 59
20 59
30 59
40 59
50 59
60 59
70 59
80 59
90 59
99 59
0 69
10 69
20 69
30 69
40 69
50 69
60 69
70 69
80 69
90 69
99 69
0 79
10 79
20 79
30 79
40 79
50 79
60 79
70 79
80 79
90 79
99 79
0 89
10 89
20 89
30 89
40 89
50 89
60 89
70 89
80 89
90 89
99 89
0 99
10 99
20 99
30 99
40 99
50 99
60 99
70 99
80 99
89 99
99 99
2 3
9 18
3 27
9 35
3 54
6 66
4 75
7 93
17 6
15 17
19 31
13 47
18 62
14 75
17 84
28 7
23 25
28 36
22 45
27 52
27 73
27 86
27 95
32 2
32 17
38 25
38 38
34 44
36 63
37 77
35 93
41 8
48 19
45 36
44 46
47 63
45 75
47 91
57 5
53 17
59 25
53 38
55 47
56 65
53 75
57 84
68 3
64 12
69 25
66 43
69 57
63 74
68 84
64 95
78 4
73 14
79 26
74 45
78 53
73 66
78 75
73 85
78 87
84 6
83 17
88 35
83 46
86 57
82 67
85 85
83 96
95 3
96 14
93 22
98 33
93 44
98 62
92 76
95 92
99 55