# Team 206 large instance.
195
100
3
14
0 0
0 3
0 6
0 9
0 12
0 15
0 18
0 21
0 24
0 28
0 30
0 33
0 36
0 39
0 42
0 45
0 48
0 55
0 60
0 65
0 70
0 75
0 80
0 85
0 90
0 95
5 0
5 5
5 10
5 15
5 20
5 25
5 30
5 35
5 40
5 45
5 50
5 55
5 60
5 65
5 70
5 75
5 80
5 85
5 90
5 95
10 0
10 5
10 10
10 15
10 20
10 25
10 30
10 35
10 40
10 45
10 50
10 55
10 60
10 65
10 70
10 75
10 80
10 85
10 90
10 95
15 0
15 5
15 10
15 15
15 20
15 25
15 30
15 35
15 40
15 45
15 50
15 55
15 60
15 65
15 70
15 75
15 80
15 85
15 90
15 95
20 0
20 5
20 10
20 15
20 20
20 25
20 30
20 35
20 40
20 45
20 50
20 55
20 60
20 65
20 70
20 75
20 80
20 85
20 90
20 95
25 0
25 5
25 10
25 15
25 20
25 25
25 30
25 35
25 40
25 45
25 50
25 55
25 60
25 65
25 70
25 75
25 80
25 85
25 90
25 95
30 0
30 5
30 10
30 15
30 20
30 25
30 30
30 35
30 40
30 45
30 50
30 55
30 60
30 65
30 70
30 75
30 80
30 85
30 90
30 95
70 0
70 5
70 10
70 15
70 20
70 25
70 30
70 35
70 40
70 45
70 50
70 55
70 60
70 65
70 70
70 75
70 80
70 85
70 90
70 95
75 0
75 50
75 72
49 0
49 5
49 10
49 15
49 20
49 25
49 30
49 35
49 40
49 45
80 1
80 7
80 16
80 20
80 40
80 45
80 30
80 34
90 4
90 20
90 45
95 9
95 40
95 45
95 17
95 33