# Team 207 large instance.
202
100
3
14
46 52
42 63
46 53
32 84
83 23
26 1
41 27
3 80
18 75
21 64
20 58
24 20
60 95
23 43
23 58
52 72
59 38
59 86
78 61
53 66
76 19
66 80
10 48
84 42
64 41
98 44
97 60
27 61
86 4
38 38
72 12
30 40
18 92
37 17
29 26
82 96
28 56
50 69
17 34
80 62
83 59
80 30
14 20
75 11
93 82
47 44
97 24
93 98
79 20
16 82
91 91
60 69
20 7
63 34
95 50
59 30
43 34
61 80
6 62
66 53
16 45
65 68
0 36
82 92
16 77
24 37
64 63
89 96
69 0
59 85
98 43
20 33
79 91
66 90
32 8
7 4
58 41
44 47
29 86
76 3
73 0
72 88
1 42
83 77
22 52
79 55
3 78
55 41
26 22
63 40
44 21
63 63
29 90
60 74
9 46
30 61
51 55
9 70
68 89
88 54
45 77
45 22
35 6
56 67
3 62
43 97
80 41
2 16
54 44
96 72
80 43
24 33
77 7
58 8
34 37
39 42
83 24
99 6
38 94
0 82
43 82
86 36
9 55
97 93
84 44
39 97
15 53
20 10
96 28
22 57
67 79
46 18
34 87
34 19
30 4
53 34
0 43
1 81
19 90
32 41
39 4
29 32
65 37
7 19
63 90
30 10
84 91
58 98
65 88
23 21
93 12
39 46
18 23
67 1
35 58
64 43
90 82
60 57
21 65
96 95
26 82
70 51
61 95
94 49
31 27
1 18
60 79
50 43
73 40
34 72
95 64
49 30
93 76
89 79
54 40
20 40
21 50
2 63
86 30
23 49
20 35
23 47
44 57
57 14
27 7
16 52
94 13
98 57
99 81
3 54
74 97
45 14
58 11
4 29
57 97
60 96
66 21
95 70
36 65
35 87
81 50
29 11