# Team 208 large instance.
200
100
3
14
18 33
21 39
9 28
19 6
36 9
14 24
23 25
33 22
11 44
46 2
3 9
29 23
25 30
34 39
27 43
17 49
44 4
10 2
29 38
22 28
42 14
37 14
44 36
17 21
44 8
46 5
13 23
45 36
2 20
43 4
14 21
30 23
36 30
1 45
6 15
16 37
42 27
20 38
39 40
8 15
37 13
49 13
31 28
17 46
21 21
42 15
2 30
34 30
33 26
29 14
36 66
42 78
18 52
38 12
72 18
28 48
46 50
66 44
22 88
92 4
6 19
58 46
50 60
68 78
54 86
34 98
88 8
20 4
59 76
44 38
84 28
74 28
88 72
34 42
88 16
46 10
13 46
45 72
2 40
43 8
14 42
30 46
36 60
33 44
6 30
16 74
42 54
20 76
39 80
8 30
37 26
49 26
31 56
17 92
21 42
42 30
2 60
34 60
33 52
29 28
92 10
26 46
90 72
4 40
86 8
28 42
60 46
72 60
66 41
12 30
32 74
84 54
40 76
78 80
16 30
74 26
96 26
61 56
36 92
90 42
99 30
1 60
89 60
67 52
39 28
91 66
81 78
71 52
61 12
51 18
41 48
53 50
67 44
23 88
93 4
98 19
59 46
51 60
69 78
55 86
35 98
89 8
22 4
57 76
49 38
87 28
75 28
89 72
35 42
87 16
93 10
27 46
96 72
4 41
86 81
28 41
60 45
72 69
66 45
12 31
32 75
84 55
40 77
78 82
16 31
74 23
96 27
61 51
36 94
90 43
99 3
1 6
89 6
67 5
39 2
2 4
4 5
5 6
6 7
7 8
8 9
9 10
10 11
11 12
12 13
13 14
14 15
15 16
16 17
17 18
18 19
19 20
20 21
21 22
22 23
23 24
24 25
99 99
99 98
99 97