# Team 209 large instance.
200
100
3
14
35 57
85 38
50 7
58 55
20 25
13 76
97 36
31 72
53 90
27 50
8 95
72 19
85 90
5 60
5 95
7 9
38 56
58 68
51 51
86 72
69 80
71 55
58 98
61 55
99 35
89 73
80 86
93 89
30 68
46 99
11 58
59 45
25 63
95 29
98 6
59 59
36 67
99 71
25 11
99 95
76 46
62 43
41 53
1 54
72 36
2 63
33 3
55 36
30 83
91 13
55 25
21 23
71 16
84 58
9 39
79 41
29 31
67 66
54 70
26 44
84 15
44 81
45 67
71 38
23 84
64 69
51 68
17 26
66 77
56 36
73 77
8 53
33 7
40 50
84 88
51 55
55 87
6 98
81 48
29 63
31 23
98 97
98 25
79 51
56 80
17 42
96 88
69 27
68 49
20 56
52 33
32 63
69 72
7 80
48 90
72 53
33 50
89 23
42 7
68 68
93 51
40 62
91 17
72 87
93 58
34 51
34 56
95 30
79 8
98 26
17 58
76 30
43 98
58 56
84 70
64 77
92 98
54 58
61 21
9 1
34 19
26 51
49 45
31 54
78 56
93 61
10 14
74 8
64 60
64 54
28 67
92 47
73 22
78 9
43 22
44 55
65 55
26 43
84 23
52 55
33 95
19 15
55 39
29 97
39 72
57 15
43 5
58 88
81 79
79 6
7 49
91 38
23 93
35 11
44 52
32 5
9 12
58 90
70 70
10 83
65 10
68 75
9 17
59 7
81 93
24 88
66 98
26 5
25 85
51 88
54 28
66 63
98 27
80 53
62 36
39 27
44 53
44 46
34 57
58 4
2 53
94 79
79 80
38 6
31 70
24 1
98 87
51 42
76 88
49 67
87 58
87 5
65 16
74 17
78 45
80 66
45 93
61 71
72 68
81 69