# Team 210 large instance.
200
100
3
14
53 78
55 75
54 77
17 3
20 20
30 64
31 29
48 45
33 63
11 14
15 5
31 65
50 45
55 77
54 79
56 76
17 5
20 22
30 66
65 63
49 46
66 62
17 23
29 61
15 7
16 6
64 64
67 63
50 47
52 44
27 63
28 62
29 27
17 7
20 24
65 65
9 12
66 64
11 9
32 62
13 12
29 63
16 8
18 5
67 65
52 46
18 23
53 75
54 74
12 13
29 29
31 26
28 64
30 61
20 26
21 25
22 23
66 66
68 63
32 64
52 76
13 5
32 27
30 27
50 42
53 77
51 43
54 76
14 12
31 28
48 44
30 63
49 43
68 65
15 4
16 3
30 29
47 45
50 44
33 28
51 45
54 78
14 5
17 4
56 75
20 21
31 30
48 46
49 45
66 61
10 10
53 45
15 6
16 5
19 22
30 31
64 63
51 47
12 10
56 77
29 26
20 23
21 22
49 47
66 63
10 12
27 28
11 11
28 27
16 7
18 4
13 11
19 24
64 65
29 65
31 62
54 73
12 12
69 64
29 28
28 63
20 25
55 74
21 24
32 63
52 75
10 14
11 13
28 29
30 26
31 64
32 29
54 75
12 14
29 30
55 76
23 23
30 65
65 62
52 77
16 2
11 15
30 28
57 76
51 44
50 46
67 62
14 4
55 78
49 44
17 6
8 12
65 64
9 11
16 4
19 21
30 30
63 64
29 62
51 46
50 48
67 64
14 6
52 45
18 22
53 74
21 21
30 60
19 5
22 22
65 66
9 13
66 65
10 11
51 76
11 10
19 23
13 13
29 64
31 61
18 6
67 66
12 11
18 24
53 76
21 23
30 62
31 27
22 24
10 13
66 67
68 64
28 28
30 25
11 12
19 25
15 3
31 63
32 28
50 43