# Team 211 large instance.
200
100
3
14
1 84
15 22
35 16
72 10
17 2
67 91
30 35
49 0
98 96
82 1
24 42
57 66
57 51
96 60
35 95
87 72
33 8
7 81
22 53
62 92
41 82
99 72
64 39
19 5
31 97
81 15
55 32
74 44
19 21
90 74
21 57
35 43
3 35
78 57
93 92
58 56
13 68
25 55
51 35
35 79
2 31
62 8
89 50
58 1
86 20
15 49
38 64
65 98
76 25
93 83
98 59
42 21
63 46
44 70
14 32
91 83
53 69
45 89
32 98
66 33
14 83
27 86
63 84
69 99
3 59
25 48
13 63
4 13
1 76
84 20
83 93
37 79
54 27
89 41
86 6
53 63
80 68
55 9
69 96
48 45
95 80
98 82
98 3
75 77
81 37
25 95
38 84
78 9
9 48
76 48
49 74
75 21
92 96
82 41
65 25
38 89
88 26
38 12
56 51
68 6
92 33
99 93
16 36
65 24
60 98
47 12
46 73
26 16
93 41
38 21
66 23
0 75
59 35
92 4
1 77
26 8
32 5
0 59
88 41
50 8
22 89
96 30
35 13
66 57
28 55
95 68
13 36
57 81
9 81
85 13
98 71
49 43
47 1
83 60
77 84
32 32
23 91
41 3
46 10
71 67
68 10
46 22
88 19
34 5
9 43
98 49
66 41
55 78
90 32
8 45
88 35
80 40
11 22
81 63
2 30
71 85
95 75
41 94
8 79
66 43
69 80
74 66
28 31
24 27
50 64
80 45
15 87
28 40
27 9
65 28
99 71
23 99
43 86
84 48
35 15
22 83
71 56
11 66
16 5
72 21
1 95
17 30
93 24
81 94
1 33
56 24
30 86
35 58
94 65
85 57
3 47
1 28
86 97
68 17
90 94
80 2
17 36
83 40
35 21
19 11