# Team 212 large instance.
195
100
3
14
0 0
0 99
99 0
99 99
71 29
25 21
59 81
10 64
6 43
75 53
74 58
53 36
93 23
81 21
52 31
81 95
32 73
96 93
99 63
24 18
63 7
31 97
29 3
79 34
16 74
57 51
70 52
49 0
15 42
43 32
87 40
22 52
40 79
82 2
63 36
19 19
39 48
56 28
96 14
22 23
93 78
7 54
8 7
66 78
97 86
96 67
48 50
85 41
34 24
97 74
94 78
96 78
30 34
39 1
46 2
53 49
58 57
63 90
41 32
63 44
10 26
80 30
45 91
79 58
71 10
13 25
35 94
47 97
20 12
99 57
51 55
82 48
64 39
66 28
41 12
86 9
85 24
11 16
93 85
98 82
35 54
19 40
45 97
50 55
23 48
44 67
44 14
30 99
70 61
38 23
59 59
50 27
17 69
37 37
87 13
35 67
50 4
34 98
87 23
74 55
21 0
21 91
7 63
94 93
0 23
39 93
36 20
84 57
64 2
57 25
84 63
77 49
28 53
16 70
37 97
86 38
99 79
38 40
14 83
13 13
40 96
89 64
6 59
66 30
75 4
43 58
98 24
45 10
49 7
90 11
98 88
3 77
89 47
66 16
98 77
55 20
97 97
31 36
36 6
77 56
66 12
9 32
24 54
70 16
91 97
71 68
18 11
66 2
96 5
50 7
79 32
97 26
60 85
34 5
37 98
67 50
78 36
61 84
45 82
73 31
17 94
82 6
7 80
64 47
62 7
44 38
99 74
60 51
45 75
16 11
95 36
19 81
16 67
65 16
12 26
18 41
57 90
7 23
77 31
24 6
61 77
64 63
5 16
99 28
5 4
74 8
12 54
54 83
77 72
37 20
20 39
27 8
19 26
56 3
1 18