# Team 214 large instance.
200
100
3
14
92 18
26 52
18 70
73 88
78 1
47 85
54 16
1 70
78 34
78 13
38 92
96 84
86 53
73 26
46 54
93 7
35 23
65 14
36 73
81 10
51 92
97 81
35 72
54 79
77 59
74 48
42 97
49 3
30 19
87 18
5 18
53 61
36 33
89 81
38 84
18 62
44 63
2 87
43 83
46 39
61 53
79 56
15 40
37 36
17 74
37 4
98 80
55 51
40 66
32 82
34 14
44 65
51 83
54 51
92 91
94 26
62 96
2 52
79 40
56 97
48 39
14 88
48 15
44 27
27 65
32 84
57 17
57 15
64 7
46 13
83 3
48 38
71 84
76 70
79 4
28 23
17 34
66 48
48 10
77 45
12 51
89 3
78 10
77 61
72 8
13 67
34 19
51 5
61 46
27 16
92 80
9 90
7 90
70 11
87 63
82 4
3 19
94 97
9 85
96 94
66 44
88 86
32 25
24 54
53 49
7 19
22 53
86 60
55 50
98 57
4 49
1 8
85 23
64 62
45 91
60 61
79 66
43 65
85 65
57 36
76 38
13 22
77 78
64 21
15 15
10 2
6 75
68 51
30 35
78 23
8 97
74 31
45 8
51 66
66 28
13 43
62 87
28 29
51 24
59 36
26 98
7 29
98 82
61 10
55 56
65 57
49 29
43 37
7 67
72 72
88 91
63 2
90 83
31 58
87 51
47 80
87 56
88 66
45 70
35 8
89 4
4 93
49 44
78 58
85 60
20 58
1 94
38 26
75 21
44 79
6 18
83 19
94 72
98 50
79 7
35 34
91 63
76 66
93 4
87 78
89 77
3 32
18 9
44 75
12 24
70 60
67 9
87 0
20 75
32 44
11 7
24 28
25 36
17 62
81 19
11 77
84 88
38 13
77 54
7 81