# Team 215 large instance.
195
100
3
14
16 82
39 9
39 18
66 49
55 70
9 50
82 85
59 85
29 20
16 79
37 94
14 86
98 79
29 78
85 24
84 83
38 46
9 21
92 45
61 31
34 6
12 80
47 32
88 71
76 24
84 36
8 75
18 4
86 34
72 2
67 36
60 34
19 36
52 40
91 99
11 21
93 94
90 79
38 37
68 48
7 50
99 66
97 21
96 69
26 77
48 98
62 98
71 80
15 56
81 19
65 78
23 98
75 1
43 49
75 15
52 73
34 59
65 3
80 2
47 7
12 30
31 79
79 90
79 52
77 35
45 6
85 25
90 87
98 8
10 84
29 83
60 75
27 88
19 55
81 36
0 97
92 79
70 21
90 36
57 52
34 34
31 61
90 69
83 30
73 6
36 53
25 39
34 22
3 69
30 42
16 83
2 12
65 35
57 81
67 54
98 42
18 32
50 74
19 9
3 77
70 90
32 9
86 18
73 69
17 80
33 73
56 45
2 31
75 12
28 52
91 73
40 49
5 97
86 61
50 29
79 53
55 56
90 84
4 98
32 48
99 82
1 35
18 65
8 53
6 52
19 82
72 79
69 75
7 11
65 62
11 3
47 44
84 59
56 59
23 88
99 90
57 35
27 82
77 32
72 63
64 36
43 14
45 55
28 23
67 51
1 69
15 63
94 25
37 56
4 44
60 24
50 16
9 19
63 34
84 47
9 53
53 54
22 23
82 47
2 9
4 6
4 79
26 91
37 50
85 76
8 60
40 74
67 29
19 33
65 22
32 37
26 16
72 4
48 21
11 14
27 22
49 70
24 63
46 77
41 28
76 33
64 91
79 37
67 74
5 55
59 97
4 3
99 25
36 35
83 22
17 66
85 85
68 66
32 91
26 49