# Team 216 large instance.
200
100
3
14
60 64
35 99
52 48
4 21
96 87
55 68
94 70
58 28
70 99
19 99
68 30
31 33
38 25
18 35
90 39
87 3
83 71
12 58
93 72
0 36
21 97
5 83
98 46
95 25
70 3
57 21
67 22
89 11
30 6
8 44
86 21
66 93
63 51
42 25
33 22
94 6
89 40
49 10
85 9
85 53
41 87
27 7
79 34
56 52
53 79
82 57
90 68
48 3
78 95
62 24
73 74
92 28
19 78
3 91
7 34
92 91
2 1
75 90
40 97
91 91
23 33
7 9
13 73
11 31
28 43
27 97
84 28
91 15
90 95
41 18
10 66
90 63
81 0
45 35
1 1
28 55
31 98
4 45
35 84
8 53
1 11
36 47
49 17
10 50
71 99
79 10
59 57
55 23
26 22
8 41
40 45
59 66
54 71
22 7
15 6
91 34
22 91
83 64
11 74
5 65
42 90
63 35
95 16
76 84
53 17
39 5
10 52
50 83
18 29
74 9
3 36
2 92
38 96
99 61
88 92
55 97
11 18
79 57
43 85
59 67
48 77
80 29
67 35
51 52
75 36
71 31
77 51
64 20
6 84
83 84
16 98
75 81
77 50
40 64
82 34
26 95
76 85
17 40
43 18
78 23
48 87
11 7
20 66
41 94
12 53
12 76
11 35
63 58
28 30
26 44
16 24
41 2
65 54
14 8
97 11
27 79
14 92
82 86
13 82
63 32
17 14
48 28
77 82
3 63
74 41
66 96
98 21
78 16
23 41
38 84
14 73
85 47
14 65
51 6
7 2
65 76
20 87
45 28
26 80
78 10
78 96
64 76
9 23
45 58
32 88
57 99
51 93
79 13
91 88
45 12
13 58
93 7
87 40
24 5
96 67
2 96
12 57
43 92
17 38
1 10