# Team 217 large instance.
199
100
3
14
69 1
97 1
86 2
29 2
88 3
89 3
35 4
88 4
54 5
25 5
34 6
85 6
25 7
59 7
64 8
26 8
57 9
17 9
77 10
12 10
56 11
84 11
56 12
41 12
41 13
68 13
59 14
95 14
16 15
56 15
79 16
57 16
80 17
73 17
31 18
43 18
46 19
25 19
80 20
17 20
80 21
18 21
49 22
88 22
42 23
75 23
54 24
40 24
77 25
6 25
32 26
51 26
62 27
41 27
90 28
19 28
49 29
53 29
62 30
15 30
52 31
20 31
51 32
50 32
45 33
40 33
78 34
44 34
30 35
60 35
14 36
48 36
49 37
78 37
26 38
82 38
1 39
23 39
69 40
92 40
10 41
27 41
78 42
17 42
89 43
55 43
0 44
71 44
0 45
22 45
57 46
84 46
36 47
99 47
17 48
90 48
12 49
65 49
52 50
20 50
63 51
75 51
38 52
87 52
16 53
30 53
70 54
86 54
46 55
42 55
15 56
17 56
51 57
20 57
99 58
9 58
44 59
49 59
35 60
59 60
87 61
30 61
8 62
81 62
55 63
68 63
38 64
69 64
43 65
44 65
76 66
15 66
66 67
43 67
94 68
28 68
57 69
0 69
73 70
25 70
56 71
89 71
59 72
73 72
16 73
46 73
19 74
54 74
77 75
89 75
97 76
87 76
66 77
75 77
42 78
1 78
5 79
30 79
57 80
68 80
85 81
3 81
59 82
19 82
33 83
69 83
62 84
10 84
58 85
82 85
29 86
63 86
43 87
6 87
62 88
98 88
5 89
27 89
24 90
51 90
48 91
71 91
24 92
74 92
83 93
92 93
39 94
72 94
95 95
63 95
19 96
0 96
70 97
78 97
20 98
15 98
62 99
75 99
87 0