# Team 219 large instance.
204
100
3
14
1 1
1 2
1 8
1 13
2 1
2 5
2 10
2 17
3 3
4 9
4 14
5 2
5 7
6 9
6 16
7 4
7 12
8 10
8 15
9 7
10 2
10 5
10 14
11 11
12 2
13 4
13 6
13 7
13 8
13 10
13 11
13 13
14 8
15 6
15 9
15 11
15 14
15 17
16 19
16 20
16 21
16 22
16 23
16 24
16 25
16 26
16 27
16 28
16 29
16 30
17 9
17 14
17 16
17 18
17 28
18 11
18 21
18 25
19 2
19 12
19 13
19 14
19 15
19 16
19 17
19 18
19 19
19 23
19 27
20 5
20 11
20 12
20 13
20 14
20 15
20 16
20 17
20 18
20 19
20 21
20 25
21 2
21 7
21 12
21 13
21 14
21 15
21 16
21 17
21 18
21 19
22 10
22 12
22 13
22 14
22 15
22 16
22 17
22 18
22 19
22 24
22 27
23 3
23 12
23 13
23 14
23 15
23 16
23 17
23 18
23 19
23 21
23 22
24 7
24 10
24 12
24 13
24 14
24 15
24 16
24 17
24 18
24 19
25 2
25 12
25 13
25 14
25 15
25 16
25 17
25 18
25 19
25 27
26 5
26 12
26 13
26 14
26 15
26 16
26 17
26 18
26 19
26 21
26 27
27 4
27 6
27 10
27 12
27 13
27 14
27 15
27 16
27 17
27 18
27 19
27 23
27 26
28 3
28 5
28 7
28 13
28 17
28 23
28 26
29 2
29 4
29 6
29 8
29 15
29 19
29 25
30 1
30 3
30 5
30 7
30 9
30 14
30 22
31 20
31 23
31 25
32 12
32 13
32 17
32 18
33 9
33 11
33 14
33 16
33 19
34 10
34 15
34 20
35 10
35 20
36 11
36 19
37 12
37 18
38 13
38 17
39 14
39 16
40 15