# Team 220 large instance.
200
100
3
14
57 20
44 60
3 36
28 94
52 24
57 94
11 67
67 30
87 51
45 21
8 67
31 68
49 50
44 12
34 19
74 82
41 41
30 22
38 88
94 79
60 72
86 42
84 68
0 80
75 30
59 7
30 48
69 50
64 68
66 86
23 76
0 69
7 91
81 26
99 57
18 93
50 74
53 50
96 0
0 47
63 94
56 50
9 46
27 24
61 2
3 60
96 45
94 44
69 74
7 34
78 48
44 15
56 13
69 25
80 90
3 16
39 54
63 81
92 33
5 68
60 81
73 8
98 34
39 27
48 47
69 37
74 10
92 11
26 88
51 39
61 0
49 56
9 14
53 31
94 53
11 44
8 0
11 54
27 18
82 44
39 64
84 32
48 67
70 40
86 6
42 22
0 77
7 86
3 72
39 82
6 35
77 76
7 11
39 30
8 33
19 89
64 51
34 9
59 93
89 86
24 33
65 85
76 46
88 99
69 36
55 52
89 66
77 2
79 82
89 11
82 88
56 3
36 18
51 60
1 8
52 9
43 1
29 97
11 40
4 42
72 12
16 34
68 12
26 76
50 70
82 73
6 31
37 7
78 58
59 80
35 5
50 30
38 10
51 6
62 27
12 65
18 48
40 33
71 69
84 75
83 46
0 54
65 52
17 93
49 39
63 43
84 52
89 83
78 80
50 99
17 33
52 43
37 45
43 40
65 31
14 87
36 52
90 1
30 7
5 71
41 32
8 1
39 22
79 50
48 2
58 59
62 9
95 10
2 69
73 67
0 21
94 70
34 67
16 52
19 74
18 40
68 45
57 63
48 44
61 37
21 17
33 59
56 84
49 55
49 65
4 27
89 54
92 94
90 74
53 34
96 3
68 61
45 52
37 5
82 80
86 47
77 49
26 0
39 57
2 12