# Team 221 large instance.
200
100
3
14
90 37
74 4
37 8
65 82
40 57
59 89
59 31
53 25
91 20
12 5
32 74
94 73
91 63
26 91
15 56
76 23
33 99
97 20
64 55
74 91
3 47
99 94
18 31
20 83
91 26
4 12
86 93
28 69
2 39
42 86
67 50
89 11
73 97
66 72
28 7
41 25
99 76
34 84
36 91
29 38
53 64
28 94
36 10
68 85
72 89
65 47
72 55
65 2
98 49
79 12
51 84
97 21
65 56
15 71
44 3
72 21
60 62
13 7
0 65
76 71
39 68
97 44
27 24
49 84
16 66
58 17
76 46
69 30
43 99
65 68
25 99
73 9
87 60
49 72
94 0
96 57
39 93
92 22
31 91
63 96
9 0
13 57
12 42
52 76
12 11
74 29
52 45
36 67
30 48
51 38
40 62
97 26
39 34
87 26
6 82
10 55
72 38
39 55
83 80
58 33
32 68
26 53
60 30
17 36
45 22
0 58
1 63
16 6
15 82
36 53
36 71
29 39
99 39
55 15
18 76
93 69
33 95
71 92
34 13
49 93
27 34
79 81
77 60
83 47
8 68
78 48
60 69
3 52
25 8
5 44
19 13
47 18
14 41
21 22
29 68
12 3
20 15
44 68
80 43
69 61
59 50
14 87
41 92
71 50
15 98
56 11
46 0
80 42
39 50
74 25
34 96
57 39
51 27
59 83
85 59
28 9
63 44
45 32
89 51
21 26
13 11
65 38
22 48
45 70
32 15
74 43
68 43
23 36
23 93
68 23
20 26
82 4
69 42
46 10
23 10
59 82
13 38
93 71
59 20
77 70
83 2
13 98
18 74
74 24
94 14
69 40
49 1
73 44
40 63
73 0
29 15
72 27
73 10
31 13
86 0
49 34
92 34
56 71
40 34
26 75