# Team 222 large instance.
203
100
3
14
69 55
20 56
13 32
50 71
35 68
62 71
95 96
65 4
3 81
43 50
50 15
65 47
34 27
40 86
9 70
98 8
55 61
80 91
31 58
63 36
41 41
57 30
54 57
85 61
92 7
73 2
58 47
16 72
21 94
28 86
3 31
19 1
59 59
38 96
83 15
7 77
91 57
35 37
24 47
70 42
80 73
20 3
81 51
67 26
47 1
98 97
93 30
33 36
45 64
44 66
56 39
38 14
12 10
90 42
15 63
6 87
8 24
66 90
61 56
0 22
58 83
28 85
96 35
54 78
7 47
48 43
91 58
9 29
71 85
48 30
49 27
32 52
67 84
33 7
89 10
54 98
73 69
58 92
6 57
97 14
94 77
76 61
72 56
78 79
82 97
51 32
15 15
45 15
47 16
80 39
62 48
81 3
98 19
23 12
58 16
58 54
21 77
97 74
66 10
55 4
47 69
68 20
73 13
97 37
70 11
94 57
75 68
53 93
88 19
44 62
44 19
57 35
73 52
2 94
25 63
74 7
94 29
19 65
8 46
32 70
14 97
66 64
7 6
76 37
94 32
28 90
89 68
93 87
51 82
83 59
4 64
56 30
17 39
27 28
72 54
28 98
75 90
98 30
46 60
78 37
59 75
47 22
74 36
58 53
74 80
4 19
46 89
20 60
35 93
24 72
68 28
49 66
78 65
19 63
34 17
7 18
29 53
59 43
21 27
0 95
70 93
81 28
9 62
43 38
54 30
54 88
23 18
16 84
72 6
48 50
32 7
22 13
16 41
43 76
60 67
59 45
23 49
48 98
77 72
35 29
60 77
90 24
88 56
22 60
54 37
98 62
84 59
62 0
9 69
82 81
30 20
62 4
77 19
75 50
47 87
67 64
45 54
44 47
96 95
86 29
17 86
40 73
59 49