# Team 223 large instance.
200
100
3
14
5 61
26 91
77 62
74 29
94 95
81 86
98 70
15 23
22 39
76 13
89 93
27 62
24 22
61 77
5 73
38 33
59 62
43 12
66 12
42 69
74 81
36 96
28 83
91 78
16 30
85 66
71 41
20 74
70 14
84 18
86 67
11 52
10 50
83 58
56 79
0 35
68 27
92 25
28 84
41 6
72 3
62 53
25 20
33 91
22 67
99 95
74 65
12 66
2 35
81 34
32 8
51 40
38 5
2 21
69 77
87 28
51 90
60 67
71 93
24 90
72 40
31 98
4 18
31 6
12 31
15 94
67 2
30 94
1 7
96 32
88 8
78 63
71 97
13 8
77 50
38 93
78 0
96 20
65 75
3 90
36 66
33 3
8 53
25 26
12 34
40 23
4 12
77 99
72 72
83 69
1 14
88 9
22 2
45 90
42 66
52 17
21 6
96 51
91 43
98 8
92 51
9 54
89 87
11 44
37 1
36 6
13 92
43 34
64 22
12 50
75 96
10 16
71 76
95 55
92 75
13 11
74 27
1 52
84 26
80 90
53 21
58 55
12 77
74 82
66 92
92 56
26 6
12 37
54 10
32 63
2 50
50 5
87 21
37 31
58 45
5 53
33 26
17 40
86 64
70 81
45 79
82 30
71 1
67 63
72 5
10 60
36 84
10 33
32 85
32 87
63 53
19 84
91 95
79 76
73 25
49 96
49 87
93 90
14 78
32 30
83 17
79 93
73 49
3 52
7 69
74 89
50 34
82 25
83 98
0 0
13 68
61 39
36 33
1 1
86 42
70 43
66 73
58 72
89 79
66 28
29 67
63 1
0 26
57 8
20 15
44 82
78 84
45 36
89 56
78 80
85 29
20 87
59 7
18 69
18 52
76 18
57 73
79 60
99 45
43 51