# Team 224 large instance.
205
100
3
14
6 3
6 4
6 5
6 6
2 0
2 9
5 20
6 21
7 22
8 23
0 21
9 27
21 3
21 4
21 5
21 6
17 0
17 9
20 20
21 21
22 22
23 23
15 21
24 27
36 3
36 4
36 5
36 6
32 0
32 9
35 20
36 21
37 22
38 23
30 21
39 27
51 3
51 4
51 5
51 6
47 0
47 9
50 20
51 21
52 22
53 23
45 21
54 27
66 3
66 4
66 5
66 6
62 0
62 9
65 20
66 21
67 22
68 23
60 21
69 27
81 3
81 4
81 5
81 6
77 0
77 9
80 20
81 21
82 22
83 23
75 21
84 27
6 38
6 39
6 40
6 41
2 35
2 44
5 55
6 56
7 57
8 58
0 56
9 62
21 38
21 39
21 40
21 41
17 35
17 44
20 55
21 56
22 57
23 58
15 56
24 62
36 38
36 39
36 40
36 41
32 35
32 44
35 55
36 56
37 57
38 58
30 56
39 62
51 38
51 39
51 40
51 41
47 35
47 44
50 55
51 56
52 57
53 58
45 56
54 62
66 38
66 39
66 40
66 41
62 35
62 44
65 55
66 56
67 57
68 58
60 56
69 62
81 38
81 39
81 40
81 41
77 35
77 44
80 55
81 56
82 57
83 58
75 56
84 62
93 96
93 95
93 94
93 93
97 99
97 90
94 79
93 78
92 77
91 76
99 78
90 72
78 96
78 95
78 94
78 93
82 99
82 90
79 79
78 78
77 77
76 76
84 78
75 72
63 96
63 95
63 94
63 93
67 99
67 90
64 79
63 78
62 77
61 76
69 78
60 72
48 96
48 95
48 94
48 93
52 99
52 90
49 79
48 78
47 77
46 76
54 78
45 72
33 96
33 95
33 94
33 93
37 99
37 90
34 79
33 78
32 77
31 76
39 78
30 72
18 96