# Team 225 large instance.
205
100
3
14
18 45
25 30
37 42
9 83
32 83
32 17
89 95
31 12
92 85
23 62
56 48
13 29
81 7
61 49
14 18
68 85
63 79
77 37
97 3
11 2
40 62
26 12
98 42
41 27
16 60
85 97
46 62
30 47
41 10
51 87
9 51
56 76
25 62
60 76
47 23
78 33
60 1
7 55
95 99
42 52
55 21
50 9
95 3
50 47
47 40
32 78
78 55
73 64
29 32
33 66
81 52
92 74
22 91
79 99
37 50
33 26
54 2
51 12
11 71
97 62
61 16
90 8
85 65
19 93
34 80
92 93
93 46
49 59
94 44
2 69
67 49
60 78
87 57
5 75
85 90
18 66
19 23
10 64
60 22
86 27
76 41
97 36
56 74
8 8
70 0
75 48
14 21
96 79
39 70
10 32
99 85
77 95
70 88
35 49
81 24
31 83
51 43
45 44
99 33
30 77
53 66
15 27
10 97
11 95
26 95
24 45
44 33
56 14
1 87
14 83
99 76
74 80
74 33
66 86
16 37
40 4
6 55
87 86
66 97
0 71
40 61
18 57
61 81
84 13
16 11
39 89
65 36
31 11
72 2
10 93
30 55
26 25
53 18
31 17
93 50
11 83
42 81
3 68
5 79
50 90
17 91
47 32
94 80
85 8
1 85
80 59
65 6
41 17
13 7
25 1
69 81
76 36
66 90
82 81
46 19
21 43
92 61
5 59
56 96
87 68
58 68
34 0
67 30
84 10
9 21
8 92
8 74
9 12
94 31
80 20
12 74
66 59
39 0
85 25
24 46
21 45
91 63
15 64
45 5
60 52
78 68
93 63
45 22
11 20
0 58
93 88
52 56
22 37
32 70
86 28
82 91
48 3
41 53
79 75
60 37
71 0
42 47
74 12
91 14
92 4
39 51
66 82
52 49
75 81
7 22