# Team 226 large instance.
200
100
3
14
98  37
60  66
45  84
96  24
17  64
58  61
72  87
78  85
82  79
69  35
25  42
27  87
55  74
48  24
53  81
65  84
50  78
49  99
95  25
70  58
39  60
99  6
85  14
76  90
32  89
26  30
96  46
54  86
49  13
3  76
66  78
99  22
64  62
48  10
1  55
33  80
46  50
89  32
89  92
86  92
15  7
37  37
24  7
71  85
27  48
9  73
57  30
73  8
54  62
78  3
83  92
81  57
2  57
47  52
91  68
42  69
64  5
37  59
16  80
3  28
7  72
79  42
22  90
94  51
35  60
34  13
0  28
67  58
92  96
3  66
45  24
20  85
99  81
24  40
28  53
79  11
69  18
2  81
95  23
89  84
76  20
41  95
37  74
24  91
91  10
30  29
53  4
97  73
54  14
26  61
97  59
66  40
2  85
25  85
7  98
32  20
14  39
36  61
1  52
14  85
94  98
90  64
7  94
59  79
83  24
5  27
14  51
49  62
34  74
91  67
7  63
32  93
67  21
11  11
78  66
56  84
68  82
72  0
85  3
83  16
98  75
58  59
75  84
9  16
11  4
81  3
62  40
38  46
5  35
85  8
98  9
75  75
67  66
57  99
83  79
72  89
82  0
62  61
77  62
62  67
61  26
21  55
19  86
1  95
22  2
34  47
66  57
25  32
58  34
72  48
11  38
64  23
32  59
14  99
88  88
86  61
4  17
86  39
58  88
54  40
58  54
50  66
90  92
47  99
24  46
61  0
18  25
89  59
78  18
12  66
57  76
7  56
50  87
62  60
90  19
50  60
35  31
65  55
84  18
92  82
73  62
53  78
78  86
7  64
37  68
36  44
12  79
80  83
37  43
25  87
59  21
19  46
33  46
90  6
70  1
71  84
19  72
55  66
14  74
89  3