# Team 227 large instance.
205
100
3
14
0 0
5 0
6 0
8 0
9 0
14 0
0 7
5 7
6 7
8 7
9 7
14 7
0 14
5 14
6 14
8 14
9 14
14 14
0 21
5 21
6 21
8 21
9 21
14 21
0 28
5 28
6 28
8 28
9 28
14 28
0 35
5 35
6 35
8 35
9 35
14 35
0 42
5 42
6 42
8 42
9 42
14 42
0 49
5 49
6 49
8 49
9 49
14 49
0 56
5 56
6 56
8 56
9 56
14 56
0 63
5 63
6 63
8 63
9 63
14 63
0 70
5 70
6 70
8 70
9 70
14 70
21 0
26 0
27 0
29 0
30 0
35 0
21 7
26 7
27 7
29 7
30 7
35 7
21 14
26 14
27 14
29 14
30 14
35 14
21 21
26 21
27 21
29 21
30 21
35 21
21 28
26 28
27 28
29 28
30 28
35 28
21 35
26 35
27 35
29 35
30 35
35 35
21 42
26 42
27 42
29 42
30 42
35 42
21 49
26 49
27 49
29 49
30 49
35 49
21 56
26 56
27 56
29 56
30 56
35 56
21 63
26 63
27 63
29 63
30 63
35 63
21 70
26 70
27 70
29 70
30 70
35 70
21 77
26 77
27 77
29 77
30 77
35 77
42 0
47 0
48 0
50 0
51 0
56 0
42 7
47 7
48 7
50 7
51 7
56 7
42 14
47 14
48 14
50 14
51 14
56 14
42 21
47 21
48 21
50 21
51 21
56 21
42 28
47 28
48 28
50 28
51 28
56 28
42 35
47 35
48 35
50 35
51 35
56 35
42 42
47 42
48 42
50 42
51 42
56 42
42 49
47 49
48 49
50 49
51 49
56 49
42 56
47 56
48 56
50 56
51 56
56 56
42 63
47 63
48 63
50 63
51 63
56 63
42 70
47 70
48 70
50 70
51 70
56 70
69 69