# Team 228 large instance.
200
100
3
14
85 88
70 18
84 9
30 82
23 6
47 90
31 87
52 15
82 33
38 59
64 1
80 36
35 38
40 31
82 78
87 66
55 87
7 65
95 10
9 1
85 8
73 56
69 32
64 63
0 48
18 67
25 27
70 7
71 12
51 45
88 94
27 73
39 17
52 94
79 27
33 28
41 90
1 92
27 48
83 41
92 89
82 5
76 71
58 16
60 68
0 80
74 75
56 70
70 23
72 40
75 23
55 56
28 68
14 45
20 62
94 20
34 59
53 35
68 90
30 60
64 96
41 44
94 7
59 39
73 31
0 34
14 58
21 97
80 3
80 8
46 81
9 62
85 3
90 53
57 38
85 33
16 93
78 52
98 69
10 63
56 84
59 77
45 1
95 25
19 41
8 65
56 20
85 48
43 28
60 79
94 83
57 78
12 82
59 18
10 37
80 20
71 8
56 19
8 18
98 20
34 0
72 84
45 66
97 79
1 7
24 89
84 77
7 54
1 53
71 84
92 0
84 95
85 30
1 41
82 1
61 73
53 55
83 18
13 0
65 19
91 37
78 80
55 77
64 16
50 52
53 68
56 86
47 69
13 87
46 39
95 31
54 90
8 88
41 92
96 13
93 99
90 62
40 78
1 44
1 18
66 25
63 40
61 8
1 87
9 59
66 37
74 78
33 94
72 76
87 58
78 95
80 6
48 11
12 80
72 79
69 29
7 49
91 46
31 71
60 92
8 70
10 19
72 31
19 8
73 54
66 35
92 27
16 46
70 63
29 58
42 91
12 81
50 58
40 34
94 45
22 9
44 95
87 9
74 81
33 46
75 77
77 12
12 60
17 22
44 13
0 62
6 10
23 24
54 65
50 4
29 71
30 65
47 49
46 77
27 24
79 86
34 57
80 13
2 94
18 2