# Team 229 large instance.
200
100
3
14
1 1
1 68
2 49
2 81
2 4
2 94
2 61
3 22
4 38
4 19
5 28
6 91
7 48
7 15
7 11
8 88
8 71
9 8
9 1
9 41
10 12
10 91
10 39
11 48
12 2
12 99
12 65
13 29
13 58
13 12
14 91
14 18
15 83
16 77
16 1
17 93
18 43
18 12
19 19
19 50
20 1
20 29
21 22
21 61
22 76
22 34
22 8
23 11
24 81
24 63
25 10
25 33
26 93
27 19
28 47
28 5
28 41
28 7
29 27
29 68
30 1
30 31
30 17
30 41
32 74
32 32
32 9
33 21
33 19
34 33
34 89
35 44
35 23
37 68
37 9
38 29
38 4
38 82
39 38
39 55
40 17
41 96
41 41
41 16
42 39
42 43
43 67
43 87
44 4
44 22
45 49
45 60
46 10
46 2
47 6
47 68
48 80
48 12
48 44
49 13
50 1
50 12
51 28
52 75
52 91
52 31
53 10
54 19
54 49
54 78
55 10
56 99
57 23
57 5
57 44
58 13
58 71
58 42
59 85
59 7
60 4
60 34
60 87
61 10
61 3
61 69
62 2
63 9
63 56
63 78
63 66
64 13
64 25
65 90
66 31
66 74
66 80
68 8
69 2
69 81
70 53
71 2
71 18
71 67
72 40
72 56
72 14
73 9
73 78
74 19
75 39
75 10
76 89
76 41
76 34
77 12
78 16
79 7
79 54
79 61
81 81
81 24
81 8
81 5
82 93
82 31
82 71
83 10
83 56
84 71
85 85
85 43
85 12
86 71
86 93
86 54
87 37
88 17
89 65
89 50
90 41
90 6
90 2
91 9
91 67
91 89
92 33
92 78
93 90
93 53
93 71
94 11
94 80
95 73
95 46
96 19
97 64
98 98
99 4
99 50