# Team 230 large instance.
202
100
3
14
81 82
54 74
44 0
74 34
65 37
45 90
34 4
67 68
15 50
95 91
64 23
1 88
82 55
25 72
50 90
77 96
32 59
63 4
97 48
32 2
9 20
29 0
10 97
47 29
37 25
97 47
11 20
37 91
42 44
77 8
33 37
2 11
17 68
85 99
9 39
44 10
88 11
12 17
74 68
87 15
2 8
81 31
77 81
65 18
88 27
12 7
22 2
47 41
8 22
1 60
40 97
38 9
6 75
60 48
55 88
5 80
75 41
20 55
76 2
46 22
80 55
23 65
93 20
12 42
51 74
23 23
76 88
10 18
97 79
89 3
13 70
65 9
29 82
46 56
26 98
44 48
82 96
36 15
61 15
36 31
16 17
64 64
75 66
45 16
25 1
14 3
26 55
85 19
45 94
5 33
35 10
84 91
22 72
20 58
20 8
14 25
32 39
1 83
50 42
39 31
55 60
72 88
29 75
73 9
35 73
84 99
42 61
17 2
5 69
40 66
65 6
7 97
29 52
22 76
30 64
82 97
69 58
0 35
95 25
47 97
2 6
36 77
29 12
55 63
73 50
26 33
55 5
48 73
70 32
39 49
19 66
70 97
76 96
90 46
98 37
65 27
12 15
33 36
73 45
40 10
56 62
2 13
11 83
80 91
35 37
8 43
46 30
75 12
77 41
94 85
40 58
88 16
6 66
86 5
31 80
75 13
69 45
1 65
65 15
33 63
79 89
45 2
81 78
14 54
76 44
77 16
23 24
78 22
54 84
26 23
99 25
68 79
5 47
16 55
57 61
36 85
35 79
86 24
13 30
42 87
18 18
73 80
62 86
44 68
59 64
74 24
91 67
59 28
43 56
10 52
83 31
61 96
32 19
35 9
62 26
74 9
46 84
23 42
12 18
34 20
72 50
37 57