# Team 231 large instance.
205
100
3
14
95 21
47 22
81 93
97 89
67 95
59 22
56 66
25 40
58 83
35 68
74 92
41 13
30 80
36 66
28 20
76 61
0 53
35 50
40 44
2 5
73 47
83 92
4 71
2 40
3 8
49 29
59 11
35 56
57 64
85 74
96 60
33 10
10 38
75 34
54 9
11 63
93 8
32 65
66 3
4 37
95 61
64 34
55 94
90 40
12 91
58 73
30 79
98 42
7 55
71 0
96 40
96 85
46 80
33 6
90 64
42 30
13 0
63 37
62 37
96 30
7 7
5 84
10 14
89 15
42 67
74 10
71 47
70 41
76 91
86 38
68 51
99 35
86 90
88 36
16 98
36 27
99 70
31 99
56 2
24 12
47 23
20 73
60 99
15 20
64 13
84 4
97 26
27 61
33 85
65 97
67 48
1 36
6 31
65 19
23 43
8 90
49 21
23 4
38 40
40 47
72 19
6 62
63 84
49 79
50 13
0 99
14 78
79 99
0 67
39 92
4 89
93 10
31 73
94 8
41 23
46 71
76 22
33 1
49 39
76 45
40 56
53 62
59 59
32 34
33 88
36 46
66 36
27 1
77 15
97 32
11 41
99 76
42 21
0 32
7 5
12 85
19 2
55 85
11 10
64 14
8 48
42 94
91 57
56 61
41 69
2 99
54 28
31 48
91 78
7 40
46 86
26 35
71 15
25 84
47 40
60 66
17 36
37 40
9 65
91 6
99 22
85 16
36 14
78 18
3 25
90 15
69 30
74 55
46 65
37 53
24 16
62 23
75 15
93 69
88 33
63 29
32 14
50 38
83 25
68 22
8 73
98 6
85 50
59 61
3 27
31 85
27 94
82 2
48 94
85 11
28 97
32 46
83 22
55 96
60 98
54 57
80 41
87 83
14 29
99 67
36 17
90 29
63 26
17 90
46 60