# Team 232 large instance.
200
100
3
14
34 66
79 68
39 72
53 92
32 67
84 85
60 36
95 63
98 53
0 78
62 89
94 52
22 7
88 28
71 98
99 12
44 69
19 64
85 15
34 92
67 95
76 54
35 63
83 44
68 55
28 60
57 99
54 10
36 26
94 37
87 52
75 17
48 66
58 28
14 7
7 10
15 8
47 13
48 56
98 96
13 35
67 1
64 33
13 91
69 33
89 83
37 26
72 52
87 28
98 43
28 46
11 12
29 25
18 20
83 58
42 99
88 52
33 78
99 2
96 85
98 67
99 76
12 23
58 73
85 13
98 75
66 9
89 13
21 3
10 28
21 73
35 21
87 71
56 35
28 72
30 35
22 25
91 86
58 9
89 49
11 5
15 62
29 95
73 12
78 41
8 39
74 31
61 71
11 21
5 68
72 20
73 46
95 22
25 71
85 87
81 70
5 95
29 19
29 71
79 73
69 6
38 65
30 44
49 53
75 55
94 10
65 57
23 79
41 58
92 24
94 21
7 94
99 89
3 31
80 64
93 3
90 5
39 90
18 29
64 48
2 80
28 94
46 45
59 33
62 43
8 22
41 9
29 78
91 0
67 65
41 42
81 35
43 83
89 65
16 75
69 20
56 36
88 59
52 27
89 89
76 81
41 83
45 63
22 70
58 88
85 20
83 34
59 26
1 79
41 76
13 7
46 85
91 33
23 93
53 23
19 98
88 50
37 5
64 93
22 31
9 9
77 18
3 30
88 74
18 6
6 87
12 2
1 65
81 6
13 58
66 19
88 54
86 46
32 72
90 51
90 22
60 29
74 95
10 22
18 81
49 71
30 94
96 47
68 90
35 29
27 85
68 25
30 14
66 62
98 7
95 40
24 64
22 57
94 34
31 2
29 51
27 52
77 66
62 60
48 0