# Team 233 large instance.
200
100
3
14
58 56
4 0
84 84
45 65
90 97
42 57
29 32
31 29
70 82
2 2
57 57
14 31
28 30
46 66
26 14
32 30
58 58
19 39
4 2
59 57
65 45
42 59
37 17
31 31
28 14
2 4
57 59
54 42
85 84
58 42
38 18
6 13
32 32
88 86
84 70
56 60
59 59
39 19
87 84
66 46
39 37
0 0
86 88
11 9
14 26
43 62
85 86
67 47
62 69
88 88
67 65
3 1
42 54
71 90
29 29
0 2
85 70
65 67
14 28
66 66
1 3
87 70
3 3
42 56
29 31
31 28
84 86
57 56
14 30
70 84
78 97
90 71
28 32
30 29
47 45
56 57
18 18
59 56
58 60
60 57
4 4
15 34
43 50
31 30
84 88
86 85
57 58
75 73
70 86
10 10
55 42
34 41
81 70
30 31
88 85
56 59
71 78
73 75
31 14
69 62
60 59
57 42
38 38
31 32
86 87
87 86
83 70
14 25
1 0
22 41
59 42
37 39
85 88
88 87
3 0
29 28
50 69
87 88
70 81
62 43
1 2
0 4
2 1
19 17
28 29
32 29
15 22
3 2
58 57
4 1
29 30
84 85
42 58
27 14
70 83
1 4
53 42
2 3
74 74
28 31
30 28
25 14
45 47
56 56
41 34
32 31
29 14
69 50
3 4
58 59
4 3
59 58
60 56
84 87
86 84
78 71
18 38
73 93
70 85
9 11
57 60
30 30
85 85
88 84
56 58
74 94
60 58
59 60
42 53
47 67
34 15
86 86
87 85
93 73
0 1
70 87
30 14
14 27
56 42
30 32
85 87
82 70
75 95
86 70
60 60
42 55
22 15
87 87
46 46
1 1
0 3
2 0
17 19
14 29
28 28
13 6
17 37
41 22
32 28
50 43