# Team 234 large instance.
202
100
3
14
15 75
60 5
4 44
83 55
61 89
1 90
60 32
68 44
82 96
43 50
69 28
17 12
35 11
66 63
47 18
79 7
37 60
36 46
10 57
79 23
45 45
22 76
65 98
42 5
50 89
30 63
96 67
28 65
98 21
18 61
79 67
81 9
62 58
49 87
25 90
50 97
40 44
41 8
42 93
29 76
32 44
42 77
4 34
99 19
75 66
30 22
60 8
33 80
47 32
21 83
24 18
3 46
2 53
84 88
63 66
56 1
4 35
2 10
28 96
16 96
5 7
74 48
36 67
46 32
72 77
53 91
92 81
43 16
46 64
68 41
55 21
50 86
73 15
53 29
73 25
60 19
98 67
57 92
4 58
26 35
64 21
64 60
48 69
21 48
11 19
41 26
66 70
89 41
47 99
5 61
79 64
59 63
8 0
99 89
51 31
55 97
68 82
23 40
47 79
50 55
87 63
33 24
3 54
50 46
63 50
72 54
44 27
96 83
19 54
74 67
48 76
27 40
42 94
45 0
82 39
97 85
63 35
60 91
45 16
64 54
0 24
97 25
59 90
58 60
18 75
3 20
62 69
35 79
81 92
2 80
39 86
74 12
85 19
99 16
78 44
33 44
53 56
89 64
48 88
17 13
48 81
56 81
28 62
85 91
21 81
99 49
59 41
68 40
9 54
60 48
98 22
35 22
62 18
40 83
91 73
23 62
69 77
66 76
22 16
91 63
75 73
87 61
99 39
94 35
16 11
21 84
41 91
0 39
55 82
76 59
68 59
63 26
89 92
87 67
36 33
44 55
29 2
62 80
7 8
27 63
98 14
35 74
42 92
63 68
70 15
1 73
7 47
46 58
82 78
61 28
41 7
26 85
17 87
40 66
56 85
42 22
57 13
16 72
84 85
2 59
69 69
25 25