# Team 235 large instance.
195
100
3
14
40 22
38 32
5 25
5 16
22 37
45 17
22 20
41 36
19 33
44 26
47 31
8 32
33 41
35 15
14 22
37 14
25 10
7 27
17 26
1 0
16 47
30 41
37 46
9 36
15 31
15  1
11 46
16  1
44 32
30 39
37 47
21 44
62 85
69 88
60 78
94 62
71 66
75 59
66 59
93 83
56 70
74 58
99 92
76 73
56 66
63 95
65 51
60 91
72 89
76 70
50 96
78 55
82 79
59 86
61 50
74 53
62 78
89 82
88 90
51 74
93 60
76 91
76 61
85 91
88 69
64 84
89 75
68 89
85 50
75 81
58 75
55 87
52 83
87 72
81 97
80 53
81 53
57 98
68 66
92 93
96 53
63 67
76 98
91 52
78 63
61 83
70 56
54 80
67 96
53 88
93 56
54 51
52 78
97 56
91 67
98 69
95 87
98 84
55 83
72 82
98 60
77 96
82 66
65 56
89 50
68 73
52 86
63 89
90 50
50 84
89 91
64 83
57 63
71 63
91 94
98 62
67 98
73 64
95 94
53 94
83 52
80 95
78 88
56 51
87 99
58 58
86 99
80 97
94 92
87 95
71 67
82 55
86 75
94 71
96 75
51 83
96 55
61 57
89 60
64 58
72 80
55 65
75 66
64 79
92 99
53 83
64 73
59 56
52 80
97 92
98 56
67 94
79 69
50 57
57 85
73 93
75 84
97 69
76 69
88 98
69 54
89 92
97 59
89 51
59 77
91 92
64 75
71 91
70 86
61 60
79 80
71 50
71 82
76 97
74 63
51 85
53 58
94 55
61 97
97 64
85 55
66 78
70 93
57 73
69 70
88 52
60 71
87 57
65 83
84 71
88 65
87 89
96 81
87 81
67 89