# Team 236 large instance.
200
100
3
14
62 1
50 2
64 3
31 4
3 5
30 6
28 7
71 8
12 9
10 11
52 11
94 12
86 13
33 14
58 15
35 16
14 17
31 18
37 19
70 20
30 21
7 22
41 23
98 24
18 25
65 26
35 27
42 28
69 29
78 30
80 31
8 32
65 33
3 34
4 35
61 36
42 37
45 38
60 39
10 40
3 41
9 42
67 43
90 44
73 45
2 46
7 47
65 48
45 49
86 50
9 51
20 52
44 53
33 54
91 55
76 56
21 57
52 58
59 59
93 60
13 61
11 62
49 63
89 64
77 65
64 66
43 67
33 68
6 69
84 70
10 71
2 72
85 73
56 74
92 75
3 76
51 77
59 78
79 79
86 80
70 81
18 82
36 83
80 84
40 85
85 86
56 87
42 88
62 89
9 90
42 91
37 92
99 93
94 94
76 95
59 96
84 97
22 98
94 99
39 9
23 1
99 2
22 3
6 4
75 5
20 6
69 7
62 8
69 9
10 10
45 11
66 12
19 13
1 14
97 15
16 16
72 17
51 18
76 19
89 20
41 21
57 22
13 23
8 24
37 25
21 26
45 27
83 28
56 29
3 30
2 31
6 32
24 33
92 34
22 35
31 36
92 37
54 38
38 39
84 40
35 41
33 42
69 43
63 45
31 46
20 47
8 48
28 49
68 50
33 51
22 52
95 53
38 54
96 55
70 56
3 57
80 58
94 59
82 60
55 61
98 62
84 63
61 64
89 65
73 66
70 67
52 68
36 69
52 70
77 71
27 72
53 73
34 74
42 75
41 76
37 77
48 78
30 79
79 80
1 81
94 82
11 83
10 84
58 85
89 86
71 87
37 88
72 89
67 90
71 91
43 92
35 93
98 94
71 95
83 96
31 97
62 98
58 99
77 9
1 1