# Team 237 large instance.
199
100
3
14
0 0
1 1
2 2
3 3
4 4
5 5
6 6
7 7
8 8
9 9
10 10
11 11
12 12
13 13
14 14
15 15
16 16
17 17
18 18
19 19
20 20
1 14
2 28
3 42
4 56
5 70
6 84
84 6
70 5
56 4
42 3
28 2
14 1
1 3
3 1
2 6
6 2
3 9
9 3
4 12
12 4
5 15
15 5
6 18
18 6
1 11
2 22
3 33
4 44
5 55
6 66
7 77
8 88
9 99
88 8
77 7
99 9
66 6
55 5
44 4
33 3
22 2
11 1
1 17
2 34
3 51
4 68
5 85
85 5
68 4
51 3
34 2
17 1
78 3
3 78
3 16
16 3
2 15
15 2
3 15
15 3
1 5
5 1
2 10
10 2
4 20
20 4
0 1
0 2
0 3
0 4
0 5
0 6
0 7
0 8
0 9
0 10
0 11
0 12
0 13
0 14
0 15
0 16
0 17
0 18
0 19
0 20
20 0
19 0
18 0
17 0
16 0
15 0
14 0
13 0
12 0
11 0
10 0
9 0
8 0
7 0
6 0
5 0
4 0
3 0
2 0
1 0
40 40
50 50
60 60
70 70
80 80
40 50
40 60
40 70
40 80
50 40
50 60
50 70
50 80
60 40
60 50
60 70
60 80
70 40
70 50
70 60
70 80
80 40
80 50
80 60
80 70
72 72
73 73
74 74
75 75
3 4
6 8
9 12
12 16
15 20
18 24
21 28
24 32
27 36
30 40
33 44
36 48
39 52
42 56
45 60
90 91
90 92
90 93
90 94
90 95
90 96
90 97
90 98
90 99
91 91
91 92
91 93
91 94
91 95
91 96
91 97
91 98
91 99
92 91
92 92
92 93
92 94
92 95
92 96
92 97
92 98
92 99
93 95