# Team 238 large instance.
204
100
3
14
15 68
94 86
15 72
13 83
92 22
17 6
55 76
93 9
66 65
95 5
59 4
75 25
19 72
97 53
92 82
51 93
81 13
85 61
0 0
93 72
81 51
22 77
65 18
96 60
94 45
54 87
25 15
58 36
86 28
85 75
93 52
86 30
17 78
69 70
56 89
84 35
80 8
78 66
94 1
70 65
52 76
68 90
81 71
71 60
72 49
3 14
92 32
35 40
0 20
57 70
72 74
12 21
97 5
76 5
34 0
52 78
55 92
21 27
28 27
60 57
50 78
95 28
58 91
57 4
25 13
69 83
90 57
74 40
19 12
76 4
90 24
63 77
83 30
13 1
99 84
72 55
59 39
86 65
56 79
66 68
93 2
9 15
50 60
58 96
89 12
83 35
81 75
87 35
65 28
84 77
85 1
17 22
86 53
13 57
12 7
9 70
95 77
61 7
53 12
19 68
63 86
70 90
87 53
98 61
90 79
57 50
84 87
92 33
62 31
88 73
55 47
90 26
66 15
72 75
59 71
9 13
63 64
73 21
55 89
54 24
55 41
91 10
0 8
13 27
71 54
55 42
80 26
54 33
92 80
12 63
68 86
68 56
17 62
64 9
71 20
58 30
60 20
86 81
84 54
67 14
96 7
50 76
88 96
84 57
21 1
26 43
28 1
56 93
62 89
6 27
22 63
69 49
34 28
68 23
22 21
66 8
86 21
74 90
78 63
22 7
21 57
74 97
94 20
63 98
55 86
88 2
91 38
55 10
70 78
98 16
51 15
6 1
62 23
82 59
21 83
15 16
59 89
66 7
81 42
89 14
69 61
0 28
34 8
12 77
15 12
75 89
19 16
72 78
71 69
90 42
95 15
65 93
88 56
85 12
34 20
79 94
66 45
36 46
78 67
25 70
71 67
53 86
75 90
64 5