# Team 239 large instance.
201
100
3
14
0 53
1 45
2 7
3 41
3 51
5 40
5 53
6 24
9 39
10 33
10 56
12 29
12 35
12 39
12 89
13 6
13 66
13 87
14 78
16 6
17 0
17 2
17 80
19 35
20 90
21 15
21 53
22 72
23 4
23 54
23 55
23 72
23 88
24 40
24 54
24 59
24 98
25 74
26 36
26 78
27 80
28 16
28 61
28 89
28 90
29 12
29 22
29 42
29 57
29 68
29 76
30 2
30 81
31 45
31 48
31 54
31 57
31 88
32 49
32 51
32 55
32 72
32 79
34 34
34 38
34 65
34 88
35 23
35 41
35 51
35 62
35 81
35 94
36 80
37 6
37 35
37 63
40 78
40 94
41 1
41 47
42 33
42 88
43 28
43 46
43 92
44 56
44 65
45 6
45 18
45 68
45 75
45 78
46 4
46 18
46 20
46 33
47 17
47 54
48 61
48 63
48 86
49 79
49 93
51 82
52 85
53 18
53 27
53 94
54 17
54 27
54 50
54 64
55 16
56 33
56 45
56 60
56 74
56 88
57 47
58 82
58 91
59 58
59 59
60 42
60 58
61 35
61 56
62 59
62 92
63 19
64 70
65 22
65 25
65 40
65 96
68 16
68 70
70 73
71 80
73 32
74 75
75 16
75 36
75 44
75 49
75 60
75 71
75 78
76 51
76 56
77 17
77 24
77 49
77 67
77 74
78 2
78 12
78 46
78 51
79 90
79 94
80 71
80 75
80 89
81 94
82 88
83 45
83 46
83 68
84 6
84 33
85 29
86 2
88 32
88 93
89 15
89 67
89 94
90 67
90 70
91 8
91 79
92 58
92 61
92 68
92 79
92 91
93 36
94 7
94 77
95 51
96 76
97 45
97 72
97 88
97 98
98 29
98 36
99 43
99 56